0.000000000000000000e+00 0.000000000000000000e+00 0.000000000000000000e+00 0.000000000000000000e+00
3.780000000000002247e-01 8.819999999999998952e-01 8.819999999999998952e-01 8.819999999999998952e-01
8.416393301467883781e-01 2.012728393749847022e+00 2.141999999999999460e+00 2.141999999999999460e+00
1.404349497852388273e+00 2.767873143756329757e+00 3.402000000000000579e+00 3.402000000000000579e+00
2.078462924535230183e+00 3.439783050196738134e+00 4.517858553044240111e+00 4.661999999999999922e+00
2.873277142575382026e+00 4.150269563427585240e+00 5.356901500521001225e+00 5.921999999999997932e+00
3.792539031801630323e+00 4.950123596089774480e+00 6.138086615720261818e+00 7.088240107423586345e+00
4.831623777049791180e+00 5.857024538931406177e+00 6.959691195175836675e+00 8.013975616900909316e+00
5.975013309725017763e+00 6.869115743832325371e+00 7.860166647948768848e+00 8.890390609476916950e+00
7.194994548792128519e+00 7.969602592952034215e+00 8.845253470387358874e+00 9.797661811672892185e+00
8.452580128844719098e+00 9.129068886847431230e+00 9.900178945946462861e+00 1.075943880456463475e+01
9.701253845705998913e+00 1.030853915221752715e+01 1.099629352099394808e+01 1.176854705544468871e+01
1.089319318350359822e+01 1.146430849979508082e+01 1.209651594506541095e+01 1.280044535027059638e+01
1.198646323588495655e+01 1.255408546401054259e+01 1.316109154800828307e+01 1.382196529886991065e+01
1.295100367431147959e+01 1.354299757296755757e+01 1.415342962762426282e+01 1.479822866578512652e+01
1.377160125274060221e+01 1.440780730953761690e+01 1.504495647489022225e+01 1.569828574698540002e+01
1.444732255011786926e+01 1.513834060971029949e+01 1.581795648818105526e+01 1.649908326451820173e+01
1.498827429336249040e+01 1.573620940252794753e+01 1.646601486156687955e+01 1.718736243311089140e+01
1.541126488245629567e+01 1.621177199379312128e+01 1.699244420712037851e+01 1.775953539469529829e+01
1.573577822989203767e+01 1.658054284579233340e+01 1.740755539086200798e+01 1.822005513352974759e+01
1.598102927689073205e+01 1.686000265616456062e+01 1.772568178282888240e+01 1.857901879742397000e+01
1.616423967654273142e+01 1.706728364503578277e+01 1.796260997118850611e+01 1.884968996979598188e+01
1.629990258561025840e+01 1.721779151817633036e+01 1.813372280995758246e+01 1.904640123638962734e+01
1.639969579101480690e+01 1.732459027951866304e+01 1.825287960597800918e+01 1.918304190691435451e+01
1.647274382092973255e+01 1.739830331976390809e+01 1.833189970550177250e+01 1.927213733821099950e+01
1.652602135142615225e+01 1.744730811720602759e+01 1.838046447753901447e+01 1.932441460831746127e+01
1.656477629864839685e+01 1.747806226758986980e+01 1.840626702608797061e+01 1.934871174963354790e+01
1.659291270558708575e+01 1.749545952965818074e+01 1.841528058654507305e+01 1.935209670009042782e+01
1.661331116744557335e+01 1.750316157418791718e+01 1.841206114925812543e+01 1.934009189893756542e+01
1.662808458932281042e+01 1.750388205129006991e+01 1.840003619556720338e+01 1.931693390763946994e+01
1.663877617051628732e+01 1.749961751465356841e+01 1.838175675829247879e+01 1.928582592984201582e+01
1.664650954222365797e+01 1.749182880208049440e+01 1.835910564240735354e+01 1.924916187551043478e+01
1.665210101897397266e+01 1.748158016722940644e+01 1.833346316167932244e+01 1.920871406603313147e+01
1.665614269666554748e+01 1.746964423489134433e+01 1.830583566404042273e+01 1.916578444565915973e+01
1.665906353997664269e+01 1.745658023379588997e+01 1.827695334600399590e+01 1.912132304255490212e+01
1.666117406650247901e+01 1.744279180970261933e+01 1.824734367973654514e+01 1.907601889517467697e+01
1.666269891640190082e+01 1.742856948213020019e+01 1.821738597854823993e+01 1.903036879059980535e+01
1.666380053164758834e+01 1.741412168220795564e+01 1.818735164367297585e+01 1.898472863942335565e+01
1.666459634023266645e+01 1.739959736777351651e+01 1.815743368564038462e+01 1.893935154429012968e+01
1.666517121050056005e+01 1.738510246166118378e+01 1.812776828963002274e+01 1.889441582588583657e+01
1.666558646893844653e+01 1.737071177918399911e+01 1.809845052099124274e+01 1.885004555469438614e+01
1.666588642522980379e+01 1.735647767143513676e+01 1.806954573731413305e+01 1.880632553693112996e+01
1.666610309129929846e+01 1.734243628272630744e+01 1.804109786677481608e+01 1.876331222209215710e+01
1.666625959300732518e+01 1.732861207752505095e+01 1.801313540565738336e+01 1.875424449787131920e+01
1.666637263604654606e+01 1.731502111368552121e+01 1.798567575925306983e+01 1.874113242411323554e+01
1.666645428790779704e+01 1.730167340816035093e+01 1.795872838133593064e+01 1.872217908034840050e+01
1.666651326543526324e+01 1.728857464619062512e+01 1.793229704330752483e+01 1.869479672073359922e+01
1.666655586505673625e+01 1.727572741576216941e+01 1.790638147337591590e+01 1.865526696263325235e+01
1.666658663480791702e+01 1.726313209889327283e+01 1.788097854002641540e+01 1.859826393348250662e+01
1.666660885979687379e+01 1.725078751491801654e+01 1.785608310598805559e+01 1.851619496012134647e+01
1.666662491288667525e+01 1.723869138457269656e+01 1.783168864402983900e+01 1.845341987938457962e+01
1.666663650800978758e+01 1.722684066462139185e+01 1.780778768064966044e+01 1.840710513271142545e+01
1.666664488314524206e+01 1.721523178896458361e+01 1.778437211542203045e+01 1.836776575835778402e+01
1.666665093248715124e+01 1.720386084220209000e+01 1.776143345053052514e+01 1.833162264525299534e+01
1.666665530191215794e+01 1.719272368441476928e+01 1.773896295543612567e+01 1.829716525662044191e+01
1.666665845793655976e+01 1.718181604072105628e+01 1.771695178471010124e+01 1.826378503104492879e+01
1.666666073752448085e+01 1.717113356540047420e+01 1.769539106205659706e+01 1.823123206904802274e+01
1.666666238406448031e+01 1.716067188765818230e+01 1.767427193993441037e+01 1.819939914513942014e+01
1.666666357335566317e+01 1.715042664413984497e+01 1.765358564157522281e+01 1.816823585465726154e+01
1.666666443237725659e+01 1.714039350188713229e+01 1.763332349030745405e+01 1.813771449490158361e+01
1.666666505284604227e+01 1.713056817439968427e+01 1.761347692973198065e+01 1.810781651047952678e+01
1.666666550100882205e+01 1.712094643272822481e+01 1.759403753731062992e+01 1.807852711110358257e+01
1.666666582471548352e+01 1.711152411298972353e+01 1.757499703321680684e+01 1.804983313595964489e+01
1.666666605852783789e+01 1.710229712130784563e+01 1.755634728578366932e+01 1.802172220690168913e+01
1.666666622740980586e+01 1.709326143690451616e+01 1.753808031451429628e+01 1.799418239264654318e+01
1.666666634939275227e+01 1.708441311386532035e+01 1.752018829134965827e+01 1.796720207511952339e+01
1.666666643750066967e+01 1.707574828195709671e+01 1.750266354069681896e+01 1.794076989545168388e+01
1.666666650114075310e+01 1.706726314677026224e+01 1.748549853858003189e+01 1.791487473113953399e+01
1.666666654710778417e+01 1.705895398938278262e+01 1.746868591117590697e+01 1.788950568524343865e+01
1.666666658030963433e+01 1.705081716568759020e+01 1.745221843292140207e+01 1.786465208013398609e+01
1.666666660429122970e+01 1.704284910548593501e+01 1.743608902433012631e+01 1.784030345288846320e+01
1.666666662161308210e+01 1.703504631142045511e+01 1.742029074961498836e+01 1.781644955124347618e+01
1.666666663412459926e+01 1.702740535780083775e+01 1.740481681418729565e+01 1.779308032971061238e+01
1.666666664316161928e+01 1.701992288936041930e+01 1.738966056208246513e+01 1.777018594572858490e+01
1.666666664968903433e+01 1.701259561997105507e+01 1.737481547334890308e+01 1.774775675582263901e+01
1.666666665440377315e+01 1.700542033133595510e+01 1.736027516142542027e+01 1.772578331177502520e+01
1.666666665780920908e+01 1.699839387167426352e+01 1.734603337052551097e+01 1.770425635681847609e+01
1.666666666026895172e+01 1.699151315440755283e+01 1.733208397304145265e+01 1.768316682186479838e+01
1.666666666204561764e+01 1.698477515685519634e+01 1.731842096697730327e+01 1.766250582177865169e+01
1.666666666332890756e+01 1.697817691894356784e+01 1.730503847341669044e+01 1.764226465170402491e+01
1.666666666425582477e+01 1.697171554193232623e+01 1.729193073403006764e+01 1.762243478344828418e+01
1.666666666492532300e+01 1.696538818716022234e+01 1.727909210862365086e+01 1.760300786192759759e+01
1.666666666540890063e+01 1.695919207481201951e+01 1.726651707273214953e+01 1.758397570167537793e+01
1.666666666575818567e+01 1.695312448270724914e+01 1.725420021525596326e+01 1.756533028341550917e+01
1.666666666601048163e+01 1.694718274511149758e+01 1.724213623614364010e+01 1.754706375070025715e+01
1.666666666619269677e+01 1.694136425157062220e+01 1.723031994411902446e+01 1.752916840661318787e+01
1.666666666632432836e+01 1.693566644576747393e+01 1.721874625445351725e+01 1.751163671053662085e+01
1.666666666641940253e+01 1.693008682440174795e+01 1.720741018678267764e+01 1.749446127498279679e+01
1.666666666648806583e+01 1.692462293609201751e+01 1.719630686296661892e+01 1.747763486248828713e+01
1.666666666653765461e+01 1.691927238030014990e+01 1.718543150499365169e+01 1.746115038257035224e+01
1.666666666657349083e+01 1.691403280627778116e+01 1.717477943292652753e+01 1.744500088874460175e+01
1.666666666659935458e+01 1.690890191203417814e+01 1.716434606289041298e+01 1.742917957560251452e+01
1.666666666661805607e+01 1.690387744332543818e+01 1.715412690510187232e+01 1.741367977594807215e+01
1.666666666663155993e+01 1.689895719266447927e+01 1.714411756193818803e+01 1.739849495799226275e+01
1.666666666664130858e+01 1.689413899835144761e+01 1.713431372604612335e+01 1.738361872260421137e+01
1.666666666664834651e+01 1.688942074352419453e+01 1.712471117848938107e+01 1.736904480061816614e+01
1.666666666665344465e+01 1.688480035522839984e+01 1.711530578693408700e+01 1.735476705019482324e+01
1.666666666665712526e+01 1.688027580350694379e+01 1.710609350387137795e+01 1.734077945423649325e+01
1.666666666665978624e+01 1.687584510050808007e+01 1.709707036487644771e+01 1.732707611785421875e+01
1.666666666666170116e+01 1.687150629961218584e+01 1.708823248690337948e+01 1.731365126588669412e+01
1.666666666666306895e+01 1.686725749457646728e+01 1.707957606661479488e+01 1.730049924046927146e+01
1.666666666666406371e+01 1.686309681869762045e+01 1.707109737874599631e+01 1.728761449865235633e+01
1.666666666666478491e+01 1.685902244399157723e+01 1.706279277450238396e+01 1.727499161006822348e+01
1.666666666666530716e+01 1.685503258039051033e+01 1.705465867998999840e+01 1.726262525464493436e+01
1.666666666666568020e+01 1.685112547495635127e+01 1.704669159467814410e+01 1.725051022036700843e+01
1.666666666666595376e+01 1.684729941111057272e+01 1.703888808989367121e+01 1.723864140108123166e+01
1.666666666666615271e+01 1.684355270788021031e+01 1.703124480734594570e+01 1.722701379434710489e+01
1.666666666666630192e+01 1.683988371915905446e+01 1.702375845768238349e+01 1.721562249933108646e+01
1.666666666666640140e+01 1.683629083298470874e+01 1.701642581907332996e+01 1.720446271474321165e+01
1.666666666666647600e+01 1.683277247083019645e+01 1.700924373582616056e+01 1.719352973681603913e+01
1.666666666666652574e+01 1.682932708691053847e+01 1.700220911702780668e+01 1.718281895732423337e+01
1.666666666666657548e+01 1.682595316750358094e+01 1.699531893521513481e+01 1.717232586164455910e+01
1.666666666666660035e+01 1.682264923028494863e+01 1.698857022507258208e+01 1.716204602685526837e+01
1.666666666666662522e+01 1.681941382367677562e+01 1.698196008215647623e+01 1.715197511987393497e+01
1.666666666666662522e+01 1.681624552621001456e+01 1.697548566164566708e+01 1.714210889563316442e+01
1.666666666666662522e+01 1.681314294589985181e+01 1.696914417711769829e+01 1.713244319529338355e+01
1.666666666666662522e+01 1.681010471963417885e+01 1.696293289935012183e+01 1.712297394449188914e+01
1.666666666666662522e+01 1.680712951257467225e+01 1.695684915514645752e+01 1.711369715162730998e+01
1.666666666666662522e+01 1.680421601757040762e+01 1.695089032618612634e+01 1.710460890617908447e+01
1.666666666666662522e+01 1.680136295458348528e+01 1.694505384789815849e+01 1.709570537706093418e+01
1.666666666666662522e+01 1.679856907012669254e+01 1.693933720835785550e+01 1.708698281100783589e+01
1.666666666666662522e+01 1.679583313671277978e+01 1.693373794720623238e+01 1.707843753099562178e+01
1.666666666666662522e+01 1.679315395231517627e+01 1.692825365459149367e+01 1.707006593469283473e+01
1.666666666666662522e+01 1.679053033983987220e+01 1.692288197013236939e+01 1.706186449294386875e+01
1.666666666666662522e+01 1.678796114660824301e+01 1.691762058190271389e+01 1.705382974828294707e+01
1.666666666666662522e+01 1.678544524385066694e+01 1.691246722543677095e+01 1.704595831347834078e+01
1.666666666666662522e+01 1.678298152621058748e+01 1.690741968275515461e+01 1.703824687010598282e+01
1.666666666666662522e+01 1.678056891125884675e+01 1.690247578141050155e+01 1.703069216715222822e+01
1.666666666666662522e+01 1.677820633901811576e+01 1.689763339355294391e+01 1.702329101964481595e+01
1.666666666666662522e+01 1.677589277149729696e+01 1.689289043501463183e+01 1.701604030731168393e+01
1.666666666666662522e+01 1.677362719223537724e+01 1.688824486441318129e+01 1.700893697326711518e+01
1.666666666666662522e+01 1.677140860585488014e+01 1.688369468227337578e+01 1.700197802272436931e+01
1.666666666666662522e+01 1.676923603762451975e+01 1.687923793016692287e+01 1.699516052173460068e+01
1.666666666666662522e+01 1.676710853303108095e+01 1.687487268986991751e+01 1.698848159595129204e+01
1.666666666666662522e+01 1.676502515735987942e+01 1.687059708253763901e+01 1.698193842941985565e+01
1.666666666666662522e+01 1.676298499528422425e+01 1.686640926789615946e+01 1.697552826339175525e+01
1.666666666666662522e+01 1.676098715046316201e+01 1.686230744345066412e+01 1.696924839516260164e+01
1.666666666666662522e+01 1.675903074514782531e+01 1.685828984370986205e+01 1.696309617693409777e+01
1.666666666666662522e+01 1.675711491979566503e+01 1.685435473942656159e+01 1.695706901469883832e+01
1.666666666666662522e+01 1.675523883269281455e+01 1.685050043685354026e+01 1.695116436714791419e+01
1.666666666666662522e+01 1.675340165958438732e+01 1.684672527701498268e+01 1.694537974460055096e+01
1.666666666666662522e+01 1.675160259331225987e+01 1.684302763499264088e+01 1.693971270795565687e+01
1.666666666666662522e+01 1.674984084346041513e+01 1.683940591922671715e+01 1.693416086766448458e+01
1.666666666666662522e+01 1.674811563600782094e+01 1.683585857083114590e+01 1.692872188272425760e+01
1.666666666666662522e+01 1.674642621298819734e+01 1.683238406292295153e+01 1.692339345969221398e+01
1.666666666666662522e+01 1.674477183215709530e+01 1.682898089996518465e+01 1.691817335171964487e+01
1.666666666666662522e+01 1.674315176666581451e+01 1.682564761712356116e+01 1.691305935760555457e+01
1.666666666666662522e+01 1.674156530474196103e+01 1.682238277963623219e+01 1.690804932086956924e+01
1.666666666666662522e+01 1.674001174937684411e+01 1.681918498219641123e+01 1.690314112884354714e+01
1.666666666666662522e+01 1.673849041801918958e+01 1.681605284834778402e+01 1.689833271178184049e+01
1.666666666666662522e+01 1.673700064227529438e+01 1.681298502989227828e+01 1.689362204198943829e+01
1.666666666666662522e+01 1.673554176761529888e+01 1.680998020630994461e+01 1.688900713296786549e+01
1.666666666666662522e+01 1.673411315308570124e+01 1.680703708419089892e+01 1.688448603857851538e+01
1.666666666666662522e+01 1.673271417102774095e+01 1.680415439667867972e+01 1.688005685222279340e+01
1.666666666666662522e+01 1.673134420680155188e+01 1.680133090292529374e+01 1.687571770603909727e+01
1.666666666666662522e+01 1.673000265851628399e+01 1.679856538755725381e+01 1.687146677011598683e+01
1.666666666666662522e+01 1.672868893676552204e+01 1.679585666015263357e+01 1.686730225172134467e+01
1.666666666666662522e+01 1.672740246436837452e+01 1.679320355472894022e+01 1.686322239454715444e+01
1.666666666666662522e+01 1.672614267611588446e+01 1.679060492924135772e+01 1.685922547796979742e+01
1.666666666666662522e+01 1.672490901852278711e+01 1.678805966509133540e+01 1.685530981632512137e+01
1.666666666666662522e+01 1.672370094958416686e+01 1.678556666664537289e+01 1.685147375819838089e+01
1.666666666666662522e+01 1.672251793853751067e+01 1.678312486076357857e+01 1.684771568572852729e+01
1.666666666666662522e+01 1.672135946562941200e+01 1.678073319633785232e+01 1.684403401392669863e+01
1.666666666666662522e+01 1.672022502188724857e+01 1.677839064383964285e+01 1.684042719000846233e+01
1.666666666666662522e+01 1.671911410889553551e+01 1.677609619487695625e+01 1.683689369273973568e+01
1.666666666666662522e+01 1.671802623857700354e+01 1.677384886176056611e+01 1.683343203179583725e+01
1.666666666666662522e+01 1.671696093297810393e+01 1.677164767707882831e+01 1.683004074713366904e+01
1.666666666666662522e+01 1.671591772405908927e+01 1.676949169328162270e+01 1.682671840837658195e+01
1.666666666666662522e+01 1.671489615348829716e+01 1.676737998227245185e+01 1.682346361421179992e+01
1.666666666666662522e+01 1.671389577244086055e+01 1.676531163500916932e+01 1.682027499180003005e+01
1.666666666666662522e+01 1.671291614140147175e+01 1.676328576111286495e+01 1.681715119619703458e+01
1.666666666666662522e+01 1.671195682997132437e+01 1.676130148848470824e+01 1.681409090978701570e+01
1.666666666666662522e+01 1.671101741667895979e+01 1.675935796293060065e+01 1.681109284172746499e+01
1.666666666666662522e+01 1.671009748879509260e+01 1.675745434779378584e+01 1.680815572740535302e+01
1.666666666666662522e+01 1.670919664215139022e+01 1.675558982359467208e+01 1.680527832790423659e+01
1.666666666666662522e+01 1.670831448096273419e+01 1.675376358767831420e+01 1.680245942948230820e+01
1.666666666666662522e+01 1.670745061765348538e+01 1.675197485386893348e+01 1.679969784306096514e+01
1.666666666666662522e+01 1.670660467268713134e+01 1.675022285213172424e+01 1.679699240372379876e+01
1.666666666666662522e+01 1.670577627439951485e+01 1.674850682824144954e+01 1.679434197022577990e+01
1.666666666666662522e+01 1.670496505883564353e+01 1.674682604345787595e+01 1.679174542451241692e+01
1.666666666666662522e+01 1.670417066958960817e+01 1.674517977420789805e+01 1.678920167124858764e+01
1.666666666666662522e+01 1.670339275764820641e+01 1.674356731177417856e+01 1.678670963735699573e+01
1.666666666666662522e+01 1.670263098123745138e+01 1.674198796199015504e+01 1.678426827156607715e+01
1.666666666666662522e+01 1.670188500567246237e+01 1.674044104494136320e+01 1.678187654396698392e+01
1.666666666666662522e+01 1.670115450321048911e+01 1.673892589467285319e+01 1.677953344557957038e+01
1.666666666666662522e+01 1.670043915290677106e+01 1.673744185890257441e+01 1.677723798792728260e+01
1.666666666666662522e+01 1.669973864047370427e+01 1.673598829874067917e+01 1.677498920262055293e+01
1.666666666666662522e+01 1.669905265814259465e+01 1.673456458841467054e+01 1.677278614094879927e+01
1.666666666666662522e+01 1.669838090452859447e+01 1.673317011499999651e+01 1.677062787348060624e+01
1.666666666666662522e+01 1.669772308449812570e+01 1.673180427815638893e+01 1.676851348967198874e+01
1.666666666666662522e+01 1.669707890903936232e+01 1.673046648986947460e+01 1.676644209748276282e+01
1.666666666666662522e+01 1.669644809513517458e+01 1.672915617419775813e+01 1.676441282300062596e+01
1.666666666666662522e+01 1.669583036563878409e+01 1.672787276702475268e+01 1.676242481007287211e+01
1.666666666666662522e+01 1.669522544915207973e+01 1.672661571581615902e+01 1.676047721994546791e+01
1.666666666666662522e+01 1.669463307990622170e+01 1.672538447938224238e+01 1.675856923090971407e+01
1.666666666666662522e+01 1.669405299764508044e+01 1.672417852764476009e+01 1.675670003795594454e+01
1.666666666666662522e+01 1.669348494751071499e+01 1.672299734140896277e+01 1.675486885243411450e+01
1.666666666666662522e+01 1.669292867993148732e+01 1.672184041214014627e+01 1.675307490172162517e+01
1.666666666666662522e+01 1.669238395051243984e+01 1.672070724174475487e+01 1.675131742889753994e+01
1.666666666666662522e+01 1.669185051992783642e+01 1.671959734235606021e+01 1.674959569242366442e+01
1.666666666666662522e+01 1.669132815381606605e+01 1.671851023612419240e+01 1.674790896583194311e+01
1.666666666666662522e+01 1.669081662267668520e+01 1.671744545501057289e+01 1.674625653741837183e+01
1.666666666666662522e+01 1.669031570176957402e+01 1.671640254058632635e+01 1.674463770994295331e+01
1.666666666666662522e+01 1.668982517101618157e+01 1.671538104383516909e+01 1.674305180033586993e+01
1.666666666666662522e+01 1.668934481490283517e+01 1.671438052496002769e+01 1.674149813940957543e+01
1.666666666666662522e+01 1.668887442238611385e+01 1.671340055319386053e+01 1.673997607157670586e+01
1.666666666666662522e+01 1.668841378680006216e+01 1.671244070661423464e+01 1.673848495457376018e+01
1.666666666666662522e+01 1.668796270576536855e+01 1.671150057196180683e+01 1.673702415919045094e+01
1.666666666666662522e+01 1.668752098110055826e+01 1.671057974446233629e+01 1.673559306900442678e+01
1.666666666666662522e+01 1.668708841873482740e+01 1.670967782765257681e+01 1.673419108012149081e+01
1.666666666666662522e+01 1.668666482862281697e+01 1.670879443320965052e+01 1.673281760092096704e+01
1.666666666666662522e+01 1.668625002466112761e+01 1.670792918078392830e+01 1.673147205180638863e+01
1.666666666666662522e+01 1.668584382460647575e+01 1.670708169783529229e+01 1.673015386496125956e+01
1.666666666666662522e+01 1.668544604999573977e+01 1.670625161947283033e+01 1.672886248410949150e+01
1.666666666666662522e+01 1.668505652606749834e+01 1.670543858829778827e+01 1.672759736428116284e+01
1.666666666666662522e+01 1.668467508168518521e+01 1.670464225424975524e+01 1.672635797158257986e+01
1.666666666666662522e+01 1.668430154926205944e+01 1.670386227445600724e+01 1.672514378297136162e+01
1.666666666666662522e+01 1.668393576468744399e+01 1.670309831308395943e+01 1.672395428603590162e+01
1.666666666666662522e+01 1.668357756725460561e+01 1.670235004119660260e+01 1.672278897877930603e+01
1.666666666666662522e+01 1.668322679959030097e+01 1.670161713661087433e+01 1.672164736940790775e+01
1.666666666666662522e+01 1.668288330758549165e+01 1.670089928375911370e+01 1.672052897612375943e+01
1.666666666666662522e+01 1.668254694032767560e+01 1.670019617355317720e+01 1.671943332692170259e+01
1.666666666666662522e+01 1.668221755003461126e+01 1.669950750325141442e+01 1.671835995939029118e+01
1.666666666666662522e+01 1.668189499198938464e+01 1.669883297632837937e+01 1.671730842051681876e+01
1.666666666666662522e+01 1.668157912447676949e+01 1.669817230234717798e+01 1.671627826649644888e+01
1.666666666666662522e+01 1.668126980872105491e+01 1.669752519683452618e+01 1.671526906254500133e+01
1.666666666666662522e+01 1.668096690882501676e+01 1.669689138115822047e+01 1.671428038271566763e+01
1.666666666666662522e+01 1.668067029171023208e+01 1.669627058240726925e+01 1.671331180971950658e+01
1.666666666666662522e+01 1.668037982705858724e+01 1.669566253327446148e+01 1.671236293474942158e+01
1.666666666666662522e+01 1.668009538725505436e+01 1.669506697194127298e+01 1.671143335730789303e+01
1.666666666666662522e+01 1.667981684733158687e+01 1.669448364196513523e+01 1.671052268503801841e+01
1.666666666666662522e+01 1.667954408491228335e+01 1.669391229216916628e+01 1.670963053355818317e+01
1.666666666666662522e+01 1.667927698015954618e+01 1.669335267653401544e+01 1.670875652629993979e+01
1.666666666666662522e+01 1.667901541572143387e+01 1.669280455409189656e+01 1.670790029434926893e+01
1.666666666666662522e+01 1.667875927668020708e+01 1.669226768882295886e+01 1.670706147629102389e+01
1.666666666666662522e+01 1.667850845050167052e+01 1.669174184955369711e+01 1.670623971805650854e+01
1.666666666666662522e+01 1.667826282698590745e+01 1.669122680985737617e+01 1.670543467277426330e+01
1.666666666666662522e+01 1.667802229821876026e+01 1.669072234795669374e+01 1.670464600062368632e+01
1.666666666666662522e+01 1.667778675852438042e+01 1.669022824662820881e+01 1.670387336869191230e+01
1.666666666666662522e+01 1.667755610441892244e+01 1.668974429310888397e+01 1.670311645083327790e+01
1.666666666666662522e+01 1.667733023456495900e+01 1.668927027900454263e+01 1.670237492753192043e+01
1.666666666666662522e+01 1.667710904972708974e+01 1.668880600020009197e+01 1.670164848576693828e+01
1.666666666666662522e+01 1.667689245272819676e+01 1.668835125677171050e+01 1.670093681888051051e+01
1.666666666666662522e+01 1.667668034840686886e+01 1.668790585290082618e+01 1.670023962644847870e+01
1.666666666666662522e+01 1.667647264357549730e+01 1.668746959678978570e+01 1.669955661415376369e+01
1.666666666666662522e+01 1.667626924697941604e+01 1.668704230057928939e+01 1.669888749366216985e+01
1.666666666666662522e+01 1.667607006925673829e+01 1.668662378026754212e+01 1.669823198250085028e+01
1.666666666666662522e+01 1.667587502289913814e+01 1.668621385563109527e+01 1.669758980393918435e+01
1.666666666666662522e+01 1.667568402221345281e+01 1.668581235014715602e+01 1.669696068687201773e+01
1.666666666666662522e+01 1.667549698328393148e+01 1.668541909091776176e+01 1.669634436570546399e+01
1.666666666666662522e+01 1.667531382393540440e+01 1.668503390859524771e+01 1.669574058024477026e+01
1.666666666666662522e+01 1.667513446369717300e+01 1.668465663730935589e+01 1.669514907558464500e+01
1.666666666666662522e+01 1.667495882376774574e+01 1.668428711459583624e+01 1.669456960200174933e+01
1.666666666666662522e+01 1.667478682698004633e+01 1.668392518132661451e+01 1.669400191484945140e+01
1.666666666666662522e+01 1.667461839776766652e+01 1.668357068164112889e+01 1.669344577445449573e+01
1.666666666666662522e+01 1.667445346213156654e+01 1.668322346287938274e+01 1.669290094601603514e+01
1.666666666666662522e+01 1.667429194760762101e+01 1.668288337551616607e+01 1.669236719950665204e+01
1.666666666666662522e+01 1.667413378323478668e+01 1.668255027309661997e+01 1.669184430957519538e+01
1.666666666666662522e+01 1.667397889952389178e+01 1.668222401217336781e+01 1.669133205545185561e+01
1.666666666666662522e+01 1.667382722842709697e+01 1.668190445224464113e+01 1.669083022085503032e+01
1.666666666666662522e+01 1.667367870330800272e+01 1.668159145569382318e+01 1.669033859390010477e+01
1.666666666666662522e+01 1.667353325891242832e+01 1.668128488773021090e+01 1.668985696701004784e+01
1.666666666666662522e+01 1.667339083133968813e+01 1.668098461633094587e+01 1.668938513682789804e+01
1.666666666666662522e+01 1.667325135801451452e+01 1.668069051218431298e+01 1.668892290413099033e+01
1.666666666666662522e+01 1.667311477765960248e+01 1.668040244863395927e+01 1.668847007374692382e+01
1.666666666666662522e+01 1.667298103026865164e+01 1.668012030162435622e+01 1.668802645447122046e+01
1.666666666666662522e+01 1.667285005708002998e+01 1.667984394964750550e+01 1.668759185898672470e+01
1.666666666666662522e+01 1.667272180055095987e+01 1.667957327369051512e+01 1.668716610378454490e+01
1.666666666666662522e+01 1.667259620433220135e+01 1.667930815718449367e+01 1.668674900908666103e+01
1.666666666666662522e+01 1.667247321324330755e+01 1.667904848595426515e+01 1.668634039877012398e+01
1.666666666666662522e+01 1.667235277324842713e+01 1.667879414816922790e+01 1.668594010029274699e+01
1.666666666666662522e+01 1.667223483143247975e+01 1.667854503429523305e+01 1.668554794462033897e+01
1.666666666666662522e+01 1.667211933597797824e+01 1.667830103704748268e+01 1.668516376615528074e+01
1.666666666666662522e+01 1.667200623614224853e+01 1.667806205134427344e+01 1.668478740266691673e+01
1.666666666666662522e+01 1.667189548223512219e+01 1.667782797426173502e+01 1.668441869522286680e+01
1.666666666666662522e+01 1.667178702559707659e+01 1.667759870498963792e+01 1.668405748812215350e+01
1.666666666666662522e+01 1.667168081857794704e+01 1.667737414478789759e+01 1.668370362882947333e+01
1.666666666666662522e+01 1.667157681451588758e+01 1.667715419694409817e+01 1.668335696791083578e+01
1.666666666666662522e+01 1.667147496771692872e+01 1.667693876673183695e+01 1.668301735897047067e+01
1.666666666666662522e+01 1.667137523343490813e+01 1.667672776137001378e+01 1.668268465858922767e+01
1.666666666666662522e+01 1.667127756785174952e+01 1.667652108998279203e+01 1.668235872626389593e+01
1.666666666666662522e+01 1.667118192805831356e+01 1.667631866356050452e+01 1.668203942434804077e+01
1.666666666666662522e+01 1.667108827203544763e+01 1.667612039492142983e+01 1.668172661799393452e+01
1.666666666666662522e+01 1.667099655863558283e+01 1.667592619867409098e+01 1.668142017509558173e+01
1.666666666666662522e+01 1.667090674756462931e+01 1.667573599118064820e+01 1.668111996623313686e+01
1.666666666666662522e+01 1.667081879936426958e+01 1.667554969052078917e+01 1.668082586461811800e+01
1.666666666666662522e+01 1.667073267539464965e+01 1.667536721645653941e+01 1.668053774604003792e+01
1.666666666666662522e+01 1.667064833781739353e+01 1.667518849039761974e+01 1.668025548881400510e+01
1.666666666666662522e+01 1.667056574957899073e+01 1.667501343536772396e+01 1.667997897372931959e+01
1.666666666666662522e+01 1.667048487439440763e+01 1.667484197597131867e+01 1.667970808399921268e+01
1.666666666666662522e+01 1.667040567673137019e+01 1.667467403836113959e+01 1.667944270521163119e+01
1.666666666666662522e+01 1.667032812179452250e+01 1.667450955020653325e+01 1.667918272528081758e+01
1.666666666666662522e+01 1.667025217551025662e+01 1.667434844066214694e+01 1.667892803440015825e+01
1.666666666666662522e+01 1.667017780451174147e+01 1.667419064033756371e+01 1.667867852499580295e+01
1.666666666666662522e+01 1.667010497612427500e+01 1.667403608126736003e+01 1.667843409168130364e+01
1.666666666666662522e+01 1.667003365835078554e+01 1.667388469688188479e+01 1.667819463121309909e+01
1.666666666666662522e+01 1.666996381985800468e+01 1.667373642197853556e+01 1.667796004244694430e+01
1.666666666666662522e+01 1.666989542996251572e+01 1.667359119269378098e+01 1.667773022629528512e+01
1.666666666666662522e+01 1.666982845861739904e+01 1.667344894647553133e+01 1.667750508568545342e+01
1.666666666666662522e+01 1.666976287639890231e+01 1.667330962205637945e+01 1.667728452551868301e+01
1.666666666666662522e+01 1.666969865449360810e+01 1.667317315942714018e+01 1.667706845262999593e+01
1.666666666666662522e+01 1.666963576468580044e+01 1.667303949981086220e+01 1.667685677574883485e+01
1.666666666666662522e+01 1.666957417934493080e+01 1.667290858563778500e+01 1.667664940546064045e+01
1.666666666666662522e+01 1.666951387141358154e+01 1.667278036052039525e+01 1.667644625416902571e+01
1.666666666666662522e+01 1.666945481439565313e+01 1.667265476922917955e+01 1.667624723605889514e+01
1.666666666666662522e+01 1.666939698234457623e+01 1.667253175766889939e+01 1.667605226706021071e+01
1.666666666666662522e+01 1.666934034985192170e+01 1.667241127285518942e+01 1.667586126481245401e+01
1.666666666666662522e+01 1.666928489203635877e+01 1.667229326289182723e+01 1.667567414863000863e+01
1.666666666666662522e+01 1.666923058453258832e+01 1.667217767694840092e+01 1.667549083946791555e+01
1.666666666666662522e+01 1.666917740348069898e+01 1.667206446523834984e+01 1.667531125988872276e+01
1.666666666666662522e+01 1.666912532551577186e+01 1.667195357899757724e+01 1.667513533402965820e+01
1.666666666666662522e+01 1.666907432775741071e+01 1.667184497046348568e+01 1.667496298757069795e+01
1.666666666666662522e+01 1.666902438779986895e+01 1.667173859285431092e+01 1.667479414770310697e+01
1.666666666666662522e+01 1.666897548370215176e+01 1.667163440034910238e+01 1.667462874309887511e+01
1.666666666666662522e+01 1.666892759397831725e+01 1.667153234806790252e+01 1.667446670388040175e+01
1.666666666666662522e+01 1.666888069758815050e+01 1.667143239205247340e+01 1.667430796159120021e+01
1.666666666666662522e+01 1.666883477392778801e+01 1.667133448924734651e+01 1.667415244916687556e+01
1.666666666666662522e+01 1.666878980282078970e+01 1.667123859748124559e+01 1.667400010090699780e+01
1.666666666666662522e+01 1.666874576450916123e+01 1.667114467544903178e+01 1.667385085244707454e+01
1.666666666666662522e+01 1.666870263964479904e+01 1.667105268269384766e+01 1.667370464073169245e+01
1.666666666666662522e+01 1.666866040928086079e+01 1.667096257958968408e+01 1.667356140398768360e+01
1.666666666666662522e+01 1.666861905486355866e+01 1.667087432732436980e+01 1.667342108169818715e+01
1.666666666666662522e+01 1.666857855822387791e+01 1.667078788788280974e+01 1.667328361457705910e+01
1.666666666666662522e+01 1.666853890156971829e+01 1.667070322403064608e+01 1.667314894454390384e+01
1.666666666666662522e+01 1.666850006747803548e+01 1.667062029929821776e+01 1.667301701469940411e+01
1.666666666666662522e+01 1.666846203888710676e+01 1.667053907796489298e+01 1.667288776930149652e+01
1.666666666666662522e+01 1.666842479908919472e+01 1.667045952504357587e+01 1.667276115374172107e+01
1.666666666666662522e+01 1.666838833172308654e+01 1.667038160626580989e+01 1.667263711452221742e+01
1.666666666666662522e+01 1.666835262076685709e+01 1.667030528806688139e+01 1.667251559923319348e+01
1.666666666666662522e+01 1.666831765053102998e+01 1.667023053757137063e+01 1.667239655653069264e+01
1.666666666666662522e+01 1.666828340565144018e+01 1.667015732257912575e+01 1.667227993611498249e+01
1.666666666666662522e+01 1.666824987108274314e+01 1.667008561155128632e+01 1.667216568870929194e+01
1.666666666666662522e+01 1.666821703209155103e+01 1.667001537359672980e+01 1.667205376603907041e+01
1.666666666666662522e+01 1.666818487425016571e+01 1.666994657845874173e+01 1.667194412081157040e+01
1.666666666666662522e+01 1.666815338343006303e+01 1.666987919650205896e+01 1.667183670669592743e+01
1.666666666666662522e+01 1.666812254579584973e+01 1.666981319870006217e+01 1.667173147830351354e+01
1.666666666666662522e+01 1.666809234779907101e+01 1.666974855662219213e+01 1.667162839116886275e+01
1.666666666666662522e+01 1.666806277617226684e+01 1.666968524242191307e+01 1.667152740173084524e+01
1.666666666666662522e+01 1.666803381792325212e+01 1.666962322882452696e+01 1.667142846731431405e+01
1.666666666666662522e+01 1.666800546032927244e+01 1.666956248911553473e+01 1.667133154611209989e+01
1.666666666666662522e+01 1.666797769093143344e+01 1.666950299712909711e+01 1.667123659716732931e+01
1.666666666666662522e+01 1.666795049752935398e+01 1.666944472723679382e+01 1.667114358035611588e+01
1.666666666666662522e+01 1.666792386817564520e+01 1.666938765433653202e+01 1.667105245637067412e+01
1.666666666666662522e+01 1.666789779117078751e+01 1.666933175384177801e+01 1.667096318670275679e+01
1.666666666666662522e+01 1.666787225505788328e+01 1.666927700167096305e+01 1.667087573362729103e+01
1.666666666666662522e+01 1.666784724861768296e+01 1.666922337423716272e+01 1.667079006018646226e+01
1.666666666666662522e+01 1.666782276086366110e+01 1.666917084843780117e+01 1.667070613017427050e+01
1.666666666666662522e+01 1.666779878103719170e+01 1.666911940164485273e+01 1.667062390812108674e+01
1.666666666666662522e+01 1.666777529860279827e+01 1.666906901169501865e+01 1.667054335927868181e+01
1.666666666666662522e+01 1.666775230324347845e+01 1.666901965688022713e+01 1.667046444960562823e+01
1.666666666666662522e+01 1.666772978485632706e+01 1.666897131593820802e+01 1.667038714575292602e+01
1.666666666666662522e+01 1.666770773354793533e+01 1.666892396804339072e+01 1.667031141504982727e+01
1.666666666666662522e+01 1.666768613963008860e+01 1.666887759279802594e+01 1.667023722549013343e+01
1.666666666666662522e+01 1.666766499361551368e+01 1.666883217022320807e+01 1.667016454571876594e+01
1.666666666666662522e+01 1.666764428621377547e+01 1.666878768075039474e+01 1.667009334501821272e+01
1.666666666666662522e+01 1.666762400832714874e+01 1.666874410521295147e+01 1.667002359329594441e+01
1.666666666666662522e+01 1.666760415104656445e+01 1.666870142483794481e+01 1.666995526107145764e+01
1.666666666666662522e+01 1.666758470564775507e+01 1.666865962123798539e+01 1.666988831946394001e+01
1.666666666666662522e+01 1.666756566358742475e+01 1.666861867640331951e+01 1.666982274018000965e+01
1.666666666666662522e+01 1.666754701649949411e+01 1.666857857269411980e+01 1.666975849550172839e+01
1.666666666666662522e+01 1.666752875619141960e+01 1.666853929283285041e+01 1.666969555827508742e+01
1.666666666666662522e+01 1.666751087464056269e+01 1.666850081989688093e+01 1.666963390189839345e+01
1.666666666666662522e+01 1.666749336399068326e+01 1.666846313731107543e+01 1.666957350031100304e+01
1.666666666666662522e+01 1.666747621654853262e+01 1.666842622884080427e+01 1.666951432798243005e+01
1.666666666666662522e+01 1.666745942478042153e+01 1.666839007858488131e+01 1.666945635990152752e+01
1.666666666666662522e+01 1.666744298130891266e+01 1.666835467096865031e+01 1.666939957156586871e+01
1.666666666666662522e+01 1.666742687890961250e+01 1.666831999073741954e+01 1.666934393897142641e+01
1.666666666666662522e+01 1.666741111050796320e+01 1.666828602294982176e+01 1.666928943860250101e+01
1.666666666666662522e+01 1.666739566917615889e+01 1.666825275297124875e+01 1.666923604742179776e+01
1.666666666666662522e+01 1.666738054813003700e+01 1.666822016646788285e+01 1.666918374286055382e+01
1.666666666666662522e+01 1.666736574072624322e+01 1.666818824940013144e+01 1.666913250280916259e+01
1.666666666666662522e+01 1.666735124045914773e+01 1.666815698801688228e+01 1.666908230560774840e+01
1.666666666666662522e+01 1.666733704095813451e+01 1.666812636884941057e+01 1.666903313003701470e+01
1.666666666666662522e+01 1.666732313598464188e+01 1.666809637870560934e+01 1.666898495530939073e+01
1.666666666666662522e+01 1.666730951942955130e+01 1.666806700466436908e+01 1.666893776106010350e+01
1.666666666666662522e+01 1.666729618531047663e+01 1.666803823407000706e+01 1.666889152733867263e+01
1.666666666666662522e+01 1.666728312776907828e+01 1.666801005452669671e+01 1.666884623460050463e+01
1.666666666666662522e+01 1.666727034106857630e+01 1.666798245389329480e+01 1.666880186369853689e+01
1.666666666666662522e+01 1.666725781959113917e+01 1.666795542027796984e+01 1.666875839587525476e+01
1.666666666666662522e+01 1.666724555783549633e+01 1.666792894203320330e+01 1.666871581275470859e+01
1.666666666666662522e+01 1.666723355041445132e+01 1.666790300775071643e+01 1.666867409633480435e+01
1.666666666666662522e+01 1.666722179205259380e+01 1.666787760625652126e+01 1.666863322897961908e+01
1.666666666666662522e+01 1.666721027758391216e+01 1.666785272660612094e+01 1.666859319341206458e+01
1.666666666666662522e+01 1.666719900194955528e+01 1.666782835807988405e+01 1.666855397270647643e+01
1.666666666666662522e+01 1.666718796019556947e+01 1.666780449017829469e+01 1.666851555028155119e+01
1.666666666666662522e+01 1.666717714747078460e+01 1.666778111261752571e+01 1.666847790989328360e+01
1.666666666666662522e+01 1.666716655902467537e+01 1.666775821532501212e+01 1.666844103562810275e+01
1.666666666666662522e+01 1.666715619020524741e+01 1.666773578843499948e+01 1.666840491189628182e+01
1.666666666666662522e+01 1.666714603645692350e+01 1.666771382228446541e+01 1.666836952342517364e+01
1.666666666666662522e+01 1.666713609331872803e+01 1.666769230740881724e+01 1.666833485525284431e+01
1.666666666666662522e+01 1.666712635642217322e+01 1.666767123453786326e+01 1.666830089272178128e+01
1.666666666666662522e+01 1.666711682148931928e+01 1.666765059459185849e+01 1.666826762147260155e+01
1.666666666666662522e+01 1.666710748433103362e+01 1.666763037867755060e+01 1.666823502743815766e+01
1.666666666666662522e+01 1.666709834084502617e+01 1.666761057808432511e+01 1.666820309683744483e+01
1.666666666666662522e+01 1.666708938701418319e+01 1.666759118428047515e+01 1.666817181616978161e+01
1.666666666666662522e+01 1.666708061890465231e+01 1.666757218890962022e+01 1.666814117220918945e+01
1.666666666666662522e+01 1.666707203266415149e+01 1.666755358378695107e+01 1.666811115199874749e+01
1.666666666666662522e+01 1.666706362452035250e+01 1.666753536089582255e+01 1.666808174284519595e+01
1.666666666666662522e+01 1.666705539077914011e+01 1.666751751238419743e+01 1.666805293231353957e+01
1.660096419134971768e+01 1.662981592514347184e+01 1.664640223570963684e+01 1.665606929113899426e+01
1.647117705371224261e+01 1.653990027254723572e+01 1.658616574721708403e+01 1.661666340666028319e+01
1.628050104382162999e+01 1.639300043596227496e+01 1.647682492956534972e+01 1.653759552947359879e+01
1.603363123785877775e+01 1.619012426322437292e+01 1.631486647049787564e+01 1.641176179761252030e+01
1.573664638976042340e+01 1.593521396002235591e+01 1.610113755265067681e+01 1.623672250892609981e+01
1.539685925212294038e+01 1.563411199563290488e+01 1.583936605414796972e+01 1.601362763584880966e+01
1.502263651196382099e+01 1.529404467239004717e+01 1.553525572507796504e+01 1.574624287385568522e+01
1.462319277511985050e+01 1.492329604904174722e+01 1.519592984892628529e+01 1.544022638376176104e+01
1.420836367206989692e+01 1.453094505199559272e+01 1.482955364597803083e+01 1.510261452329695508e+01
1.378836367206989344e+01 1.412661849379227519e+01 1.444503817012158819e+01 1.474144094420156037e+01
1.337353456901993987e+01 1.372024470766391246e+01 1.405177726392780357e+01 1.436542928103154360e+01
1.297409083217598180e+01 1.332180536669905280e+01 1.365939657897718185e+01 1.398372264296945389e+01
1.259986809201687485e+01 1.294108821989885350e+01 1.327750780668089448e+01 1.360563090893031024e+01
1.226008095437940426e+01 1.258744549018306280e+01 1.291546814866278936e+01 1.324038812994455050e+01
1.196309610628106235e+01 1.226956334924633296e+01 1.258214822077562189e+01 1.289691879215520487e+01
1.171622630031823498e+01 1.199524793318090232e+01 1.228571288805112438e+01 1.258361507156398318e+01
1.152555029042763479e+01 1.177123308342677532e+01 1.203341989020421998e+01 1.230812879164984075e+01
1.139576315279017216e+01 1.160301451352705904e+01 1.183144098171108816e+01 1.207718235599534218e+01
1.133006067747328949e+01 1.149471447170077631e+01 1.168470988900123508e+01 1.189640291018150187e+01
1.133006067747331436e+01 1.144898022637797119e+01 1.159680078484932864e+01 1.177018362977894306e+01
1.139576315279023433e+01 1.146691887220634243e+01 1.156984025362651813e+01 1.170157546415256533e+01
1.152555029042773427e+01 1.154807006097860445e+01 1.160445490715246031e+01 1.169221196262767215e+01
1.171622630031835932e+01 1.169041732859903782e+01 1.169975593764068655e+01 1.174226901640687792e+01
1.196309610628121156e+01 1.189043773904457346e+01 1.185336098666341442e+01 1.185046049962034509e+01
1.226008095437957834e+01 1.214318862286596179e+01 1.206145279104345747e+01 1.201406991331935359e+01
1.259986809201707381e+01 1.244242927441432833e+01 1.231887316135926547e+01 1.222901725167123743e+01
1.297409083217620562e+01 1.278077461119173464e+01 1.261924997888825750e+01 1.248995944319579188e+01
1.337353456902017612e+01 1.314987701171646783e+01 1.295515408385214506e+01 1.279042189353862646e+01
1.378836367207014213e+01 1.354063185444602802e+01 1.331828219183083384e+01 1.312295789062296869e+01
1.420836367207014561e+01 1.394340169670446095e+01 1.369966133432155608e+01 1.347933194703058035e+01
1.462319277512009918e+01 1.434825357358079856e+01 1.408986978942928125e+01 1.385072256508095201e+01
1.502263651196405725e+01 1.474520357370971624e+01 1.447926906263460367e+01 1.422793943184082366e+01
1.539685925212315176e+01 1.512446266966338193e+01 1.485824120549603578e+01 1.460164969598916862e+01
1.573664638976060992e+01 1.547667774979177757e+01 1.521742562870723781e+01 1.496260775484032024e+01
1.603363123785893762e+01 1.579316191650497814e+01 1.554794957837992975e+01 1.530188289339751684e+01
1.628050104382174013e+01 1.606610838028605315e+01 1.584164660045635920e+01 1.561107917019950087e+01
1.647117705371232788e+01 1.628878268265173901e+01 1.609125761392671805e+01 1.588254213563362072e+01
1.660096419134977808e+01 1.645568851489089113e+01 1.629060964175689463e+01 1.610954729261644403e+01
1.666666666666663588e+01 1.656270304957030604e+01 1.643476779857264347e+01 1.628646565910774768e+01
1.666666666666658614e+01 1.660717845249467572e+01 1.652015679265403492e+01 1.640890235575175637e+01
1.660096419134965373e+01 1.658800707555676368e+01 1.654464895045297013e+01 1.647380480615112219e+01
1.647117705371212892e+01 1.650564872521102444e+01 1.650761659617364074e+01 1.647953788551706467e+01
1.628050104382149144e+01 1.636211933512770145e+01 1.640994749665132346e+01 1.642592416727984883e+01
1.603363123785861433e+01 1.616094132194236721e+01 1.625402299122175975e+01 1.631424827664749699e+01
1.573664638976023511e+01 1.590705684650420615e+01 1.604365934509134561e+01 1.614722524390774083e+01
1.539685925212272721e+01 1.560670611641715411e+01 1.578401377027829611e+01 1.592893363671357676e+01
1.502263651196359540e+01 1.526727372646690206e+01 1.548145742819727388e+01 1.566471511785091764e+01
1.462319277511961246e+01 1.489710682054005098e+01 1.514341854098091034e+01 1.536104290170388786e+01
1.420836367206964646e+01 1.450530955249064036e+01 1.477819947465384942e+01 1.502536234844997232e+01
1.378836367206964297e+01 1.410151890700717381e+01 1.439477229817502746e+01 1.466590762107927226e+01
1.337353456901968940e+01 1.369566740051275211e+01 1.400255785235882122e+01 1.429149891974479125e+01
1.297409083217574377e+01 1.329773850518761513e+01 1.361119376872793296e+01 1.391132528620143205e+01
1.259986809201664926e+01 1.291752081838409794e+01 1.323029715043947974e+01 1.353471832640382999e+01
1.226008095437920353e+01 1.256436703059724280e+01 1.286922775886426606e+01 1.317092242295829152e+01
1.196309610628088649e+01 1.224696362699776842e+01 1.253685753694773553e+01 1.282886709555561744e+01
1.171622630031808399e+01 1.197311699323778811e+01 1.224135214444893904e+01 1.251694711462132936e+01
1.152555029042752111e+01 1.174956119231281448e+01 1.198996988438127076e+01 1.224281578251003744e+01
1.139576315279009577e+01 1.158179214564945880e+01 1.178888297175041977e+01 1.201319647234198840e+01
1.133006067747325041e+01 1.147393230142951026e+01 1.164302554554235059e+01 1.183371706501630705e+01
1.133006067747330015e+01 1.142862912246328655e+01 1.155597216640794933e+01 1.170877136110649275e+01
1.139576315279025742e+01 1.144698989317636695e+01 1.152984979183104208e+01 1.164141088013247227e+01
1.152555029042779466e+01 1.152855445097615217e+01 1.156528539624021867e+01 1.163326971146586963e+01
1.171622630031845702e+01 1.167130651344129078e+01 1.166139052582810365e+01 1.168452426728407190e+01
1.196309610628134656e+01 1.187172332241900818e+01 1.181578316838674425e+01 1.179388892858444216e+01
1.226008095437973822e+01 1.212486238262665950e+01 1.202464639964805748e+01 1.195864769146441908e+01
1.259986809201725855e+01 1.242448315896369770e+01 1.228282236205924605e+01 1.217472103442631948e+01
1.297409083217640280e+01 1.276320073594077087e+01 1.258393926192045775e+01 1.243676636020832582e+01
1.337353456902038573e+01 1.313266765561969329e+01 1.292056825779148355e+01 1.273830953892597506e+01
1.378836367207035174e+01 1.352377945660897574e+01 1.328440637705131699e+01 1.307190431349185111e+01
1.420836367207035522e+01 1.392689885306159958e+01 1.366648095659501116e+01 1.342931564221894192e+01
1.462319277512030880e+01 1.433209303364251852e+01 1.405737057365693943e+01 1.380172246410063863e+01
1.502263651196425442e+01 1.472937823737686003e+01 1.444743702670785268e+01 1.417993489400953422e+01
1.539685925212333650e+01 1.510896558410776436e+01 1.482706265428346981e+01 1.455462049974464733e+01
1.573664638976076979e+01 1.546150210640153944e+01 1.518688714816508245e+01 1.491653408923182766e+01
1.603363123785907263e+01 1.577830104789318177e+01 1.551803802978357893e+01 1.525674534975036423e+01
1.628050104382185026e+01 1.605155575736142026e+01 1.581234911474999016e+01 1.556685873394899211e+01
1.647117705371238827e+01 1.627453191175007774e+01 1.606256158618915819e+01 1.583922017832465912e+01
1.660096419134978873e+01 1.644173333496600264e+01 1.626250272578088385e+01 1.606710556406565971e+01
1.666666666666662167e+01 1.654903732944330486e+01 1.640723790155533379e+01 1.624488627972456811e+01
1.666666666666654706e+01 1.659379618816025470e+01 1.649319206999647136e+01 1.636816780901537882e+01
1.660096419134956491e+01 1.657490238754531475e+01 1.651823780066637326e+01 1.643389793124019960e+01
1.647117705371201524e+01 1.649281585600547118e+01 1.648174765589006441e+01 1.644044187008881863e+01
1.628050104382132801e+01 1.634955264663407348e+01 1.638460963573679763e+01 1.638762254039588484e+01
1.603363123785842603e+01 1.614863529301254985e+01 1.622920530798963057e+01 1.627672490184308884e+01
1.573664638976002195e+01 1.589500607051029846e+01 1.601935116161392259e+01 1.611046431240184873e+01
1.539685925212250162e+01 1.559490529887615295e+01 1.576020462779471742e+01 1.589291966075650819e+01
1.502263651196334493e+01 1.525571768271445983e+01 1.545813708261560038e+01 1.562943292420716723e+01
1.462319277511934956e+01 1.488579047345274375e+01 1.512057695847227201e+01 1.532647762526715063e+01
1.420836367206938355e+01 1.449422793025519418e+01 1.475582682733737627e+01 1.499149942598772789e+01
1.378836367206938007e+01 1.409066714093623318e+01 1.437285895989111495e+01 1.463273278510434317e+01
1.337353456901943893e+01 1.368504072290579821e+01 1.398109439452926317e+01 1.425899819251133316e+01
1.297409083217550574e+01 1.328733224723627515e+01 1.359017095630082039e+01 1.387948497382263291e+01
1.259986809201643609e+01 1.290733040812086330e+01 1.320970593791746062e+01 1.350352501308916686e+01
1.226008095437901524e+01 1.255438799088686253e+01 1.284905928641426343e+01 1.314036296536760950e+01
1.196309610628072306e+01 1.223719157357017373e+01 1.251710312659049507e+01 1.279892861726786712e+01
1.171622630031795786e+01 1.196354763276192656e+01 1.222200329632676485e+01 1.248761700071553804e+01
1.152555029042743229e+01 1.174019032051032418e+01 1.197101827310243216e+01 1.221408167425623859e+01
1.139576315279004426e+01 1.157261564544757348e+01 1.177032044280836409e+01 1.198504626199998313e+01
1.133006067747323620e+01 1.146494614115222532e+01 1.162484411180868982e+01 1.180613889073990741e+01
1.133006067747333567e+01 1.141982935406002753e+01 1.153816400469718140e+01 1.168175360195119517e+01
1.139576315279033025e+01 1.143837265048745166e+01 1.151240723953588763e+01 1.161494215116452189e+01
1.152555029042790480e+01 1.152011594803417616e+01 1.154820094803588226e+01 1.160733885897055195e+01
1.171622630031860446e+01 1.166304304280776449e+01 1.164465683044437760e+01 1.165912036407118002e+01
1.196309610628151887e+01 1.186363125355554970e+01 1.179939302544613966e+01 1.176900126938925339e+01
1.226008095437993539e+01 1.211693816029984738e+01 1.200859275656902980e+01 1.193426578844174379e+01
1.259986809201746816e+01 1.241672330168314886e+01 1.226709831102265014e+01 1.215083461273621701e+01
1.297409083217662484e+01 1.275560183442953566e+01 1.256853803689863547e+01 1.241336535369128669e+01
1.337353456902062021e+01 1.312522637131640835e+01 1.290548323163806899e+01 1.271538408586595281e+01
1.378836367207059865e+01 1.351649252020104086e+01 1.326963105865082682e+01 1.304944475246529123e+01
1.420836367207060214e+01 1.391976306304888134e+01 1.365200898807102625e+01 1.340731250802801711e+01
1.462319277512054327e+01 1.432510525493073494e+01 1.404319572763741064e+01 1.378016648378907405e+01
1.502263651196447647e+01 1.472253539990013671e+01 1.443355320364659811e+01 1.415881698295928182e+01
1.539685925212354611e+01 1.510226468147987688e+01 1.481346387983669466e+01 1.453393175785180524e+01
1.573664638976096697e+01 1.545494019459505886e+01 1.517356757062172790e+01 1.489626579716017574e+01
1.603363123785923605e+01 1.577187524394595108e+01 1.550499191754826889e+01 1.523688896526096137e+01
1.628050104382198882e+01 1.604526323811003152e+01 1.579957085387782989e+01 1.554740588830423142e+01
1.647117705371250196e+01 1.626836991258950249e+01 1.605004567797097437e+01 1.582016267276532595e+01
1.660096419134987755e+01 1.643569914863488179e+01 1.625024378437812445e+01 1.604843536635957690e+01
1.666666666666666075e+01 1.654312830483462093e+01 1.639523065168340565e+01 1.622659552078517819e+01
1.666666666666656127e+01 1.658800972915644323e+01 1.648143134465576054e+01 1.635024877958901257e+01
1.660096419134955426e+01 1.656923595187782183e+01 1.650671853891967800e+01 1.641634307866064546e+01
1.647117705371197971e+01 1.648726695413778742e+01 1.647046490068561297e+01 1.642324379509784649e+01
1.628050104382126761e+01 1.634411884066779663e+01 1.637355853177615472e+01 1.637077399402798150e+01
1.603363123785834077e+01 1.614331419561647607e+01 1.621838109963924879e+01 1.626021878237378360e+01
1.573664638975991181e+01 1.588979534387152270e+01 1.600874919085949344e+01 1.609429366235776371e+01
1.539685925212236661e+01 1.558980265367291729e+01 1.574982033223753852e+01 1.587707766398622056e+01
1.502263651196319749e+01 1.525072087711038904e+01 1.544796599351008837e+01 1.561391290301146739e+01
1.462319277511920212e+01 1.488089731211179689e+01 1.511061469880382546e+01 1.531127303758764846e+01
1.420836367206922368e+01 1.448943626337729462e+01 1.474606910993948183e+01 1.497660386265246757e+01
1.378836367206922020e+01 1.408597486331261983e+01 1.436330158560124914e+01 1.461813996712933061e+01
1.337353456901927906e+01 1.368044577299418485e+01 1.397173325038260749e+01 1.424470196845675041e+01
1.297409083217535830e+01 1.328283260625512163e+01 1.358100201376108096e+01 1.386547931720294358e+01
1.259986809201630109e+01 1.290292409916239791e+01 1.320072525114393436e+01 1.348980401983563304e+01
1.226008095437889267e+01 1.255007307804851990e+01 1.284026299056445453e+01 1.312692085134238695e+01
1.196309610628063780e+01 1.223296616110412494e+01 1.250848743615767233e+01 1.278575971582839799e+01
1.171622630031789747e+01 1.195940986424212937e+01 1.221356450351151501e+01 1.247471576032868157e+01
1.152555029042739676e+01 1.173613837801688220e+01 1.196275274621771167e+01 1.220144265616069745e+01
1.139576315279004604e+01 1.156864774876810564e+01 1.176222462471729102e+01 1.197266413791604300e+01
1.133006067747327528e+01 1.146106054699969867e+01 1.161691451839431721e+01 1.179400844062593023e+01
1.133006067747341206e+01 1.141602435530680459e+01 1.153039722336379214e+01 1.166986971180549837e+01
1.139576315279044394e+01 1.143464657541537832e+01 1.150479992774084081e+01 1.160329981087192230e+01
1.152555029042804335e+01 1.151646715960000122e+01 1.154074983185194903e+01 1.159593316019257969e+01
1.171622630031876788e+01 1.165946993792399056e+01 1.163735870315117360e+01 1.164794649817927841e+01
1.196309610628171960e+01 1.186013226238606855e+01 1.179224474615079110e+01 1.175805452543967178e+01
1.226008095438016099e+01 1.211351174557027299e+01 1.200159124885491657e+01 1.192354155119182479e+01
1.259986809201771862e+01 1.241336795800538795e+01 1.226024056162607678e+01 1.214032836070079746e+01
1.297409083217690018e+01 1.275231608764042157e+01 1.256182109441243533e+01 1.240307265723864028e+01
1.337353456902090798e+01 1.312200877783001296e+01 1.289890420524207926e+01 1.270530060535229211e+01
1.378836367207088642e+01 1.351334166637446543e+01 1.326318711686823981e+01 1.303956623640720736e+01
1.420836367207088990e+01 1.391667756456111604e+01 1.364569735755024382e+01 1.339763479131206125e+01
1.462319277512083104e+01 1.432208375617453733e+01 1.403701369195900384e+01 1.377068548591763530e+01
1.502263651196475180e+01 1.471957657338639436e+01 1.442749810215476280e+01 1.414952870633202764e+01
1.539685925212379658e+01 1.509936722725437974e+01 1.480753310649459387e+01 1.452483228608214993e+01
1.573664638976119257e+01 1.545210283966735787e+01 1.516775857289037255e+01 1.488735129342581942e+01
1.603363123785943500e+01 1.576909674173017883e+01 1.549930219528846465e+01 1.522815567068793996e+01
1.628050104382216290e+01 1.604254236787708976e+01 1.579399795827453090e+01 1.553885012038380609e+01
1.647117705371265117e+01 1.626570547893074448e+01 1.604458721047983616e+01 1.581178082380306549e+01
1.660096419134997703e+01 1.643308998093705853e+01 1.624489739569359159e+01 1.604022390195579106e+01
1.666666666666673535e+01 1.654057325676532741e+01 1.638999404072808375e+01 1.621855097834631110e+01
1.666666666666658614e+01 1.658550767816074512e+01 1.647630225759034062e+01 1.634236776686922354e+01
1.660096419134952939e+01 1.656678579868485457e+01 1.650169476817341874e+01 1.640862227233301951e+01
1.647117705371190510e+01 1.648486762227789981e+01 1.646554428400654402e+01 1.641567993935451852e+01
1.628050104382116814e+01 1.634176927599964202e+01 1.636873895130090162e+01 1.636336389920888479e+01
1.603363123785821642e+01 1.614101336586377755e+01 1.621366048098185786e+01 1.625295932362305251e+01
1.573664638975976260e+01 1.588754223816958699e+01 1.600412550221895813e+01 1.608718177830756701e+01
1.539685925212219253e+01 1.558759628212447446e+01 1.574529158352366665e+01 1.587011035546717963e+01
1.502263651196301097e+01 1.524856027035075812e+01 1.544353023548732473e+01 1.560708723178939827e+01
1.462319277511900317e+01 1.487878152088299188e+01 1.510627002225266935e+01 1.530458612512574490e+01
1.420836367206902473e+01 1.448736435811088441e+01 1.474181364483502676e+01 1.497005288889888774e+01
1.378836367206902125e+01 1.408394593372140413e+01 1.435913350030869573e+01 1.461172216932918033e+01
1.337353456901909254e+01 1.367845892767223859e+01 1.396765075086918984e+01 1.423841463998833845e+01
1.297409083217517178e+01 1.328088697228612070e+01 1.357700334282420762e+01 1.385931980643760042e+01
1.259986809201612701e+01 1.290101882173617653e+01 1.319680868765514603e+01 1.348376972902062043e+01
1.226008095437874346e+01 1.254820732008547424e+01 1.283642684872903672e+01 1.312100923550658749e+01
1.196309610628051345e+01 1.223113910288742545e+01 1.250473006478923921e+01 1.277996828171029975e+01
1.171622630031781043e+01 1.195762070305759295e+01 1.220988428532166381e+01 1.246904206532592418e+01
1.152555029042734702e+01 1.173438632780035462e+01 1.195914809712013849e+01 1.219588430730105522e+01
1.139576315279002117e+01 1.156693203976000639e+01 1.175869399314629327e+01 1.196721879084934770e+01
1.133006067747328771e+01 1.145938042540688961e+01 1.161345638463721031e+01 1.178867379863634923e+01
1.133006067747346179e+01 1.141437908297145931e+01 1.152701009890700412e+01 1.166464352484401878e+01
1.139576315279053098e+01 1.143303542949050389e+01 1.150148235462959789e+01 1.159817987460839461e+01
1.152555029042816770e+01 1.151488943223206007e+01 1.153750038206281836e+01 1.159091731508702239e+01
1.171622630031892953e+01 1.165792493594176449e+01 1.163417597797778669e+01 1.164303262857194632e+01
1.196309610628190612e+01 1.185861930699617517e+01 1.178912737560193946e+01 1.175324055865981343e+01
1.226008095438037238e+01 1.211203017205894916e+01 1.199853789106508195e+01 1.191882545668442006e+01
1.259986809201795488e+01 1.241191711544642828e+01 1.225724990227819688e+01 1.213570814917096463e+01
1.297409083217714887e+01 1.275089533860920987e+01 1.255889184617233312e+01 1.239854637981347629e+01
1.337353456902116910e+01 1.312061749812346001e+01 1.289603510720454338e+01 1.270086635275982268e+01
1.378836367207115998e+01 1.351197924473675371e+01 1.326037693401451989e+01 1.303522213817185005e+01
1.420836367207116346e+01 1.391534340241517675e+01 1.364294488021664975e+01 1.339337901496656436e+01
1.462319277512109217e+01 1.432077726735906076e+01 1.403431773531643501e+01 1.376651623623095766e+01
1.502263651196500049e+01 1.471829718389823682e+01 1.442485750569884395e+01 1.414544422455289840e+01
1.539685925212403284e+01 1.509811437499645415e+01 1.480494673354639268e+01 1.452083084919794764e+01
1.573664638976140395e+01 1.545087597420167214e+01 1.516522531010728869e+01 1.488343121343665842e+01
1.603363123785962330e+01 1.576789532403599736e+01 1.549682095218516586e+01 1.522431529389528038e+01
1.628050104382232632e+01 1.604136587011403847e+01 1.579156766675383672e+01 1.553508782669372401e+01
1.647117705371276486e+01 1.626455338420702290e+01 1.604220682437301448e+01 1.580809502604346228e+01
1.660096419135006585e+01 1.643196178308225797e+01 1.624256589031024234e+01 1.603661304520767672e+01
1.666666666666677443e+01 1.653946846010813232e+01 1.638771041241519910e+01 1.621501353928852396e+01
1.666666666666657548e+01 1.658442579731103095e+01 1.647406552330054197e+01 1.633890225313655620e+01
1.660096419134949386e+01 1.656572635832056051e+01 1.649950396504183558e+01 1.640522722188728366e+01
