0.000000000000000000e+00 0.000000000000000000e+00 0.000000000000000000e+00 0.000000000000000000e+00 0.000000000000000000e+00
1.800000000000000711e+00 4.199999999999999289e+00 4.199999999999999289e+00 4.199999999999999289e+00 4.199999999999999289e+00
2.207806334032323292e+00 5.384420922618318173e+00 6.000000000000000000e+00 6.000000000000000000e+00 6.000000000000000000e+00
2.679572227169521259e+00 3.595927380983250821e+00 6.000000000000000000e+00 6.000000000000000000e+00 6.000000000000000000e+00
3.210063936584961031e+00 3.199570983049568440e+00 5.313612157353517773e+00 6.000000000000000000e+00 6.000000000000000000e+00
3.784829609715012477e+00 3.383269110623078557e+00 3.995442607032198001e+00 6.000000000000000000e+00 6.000000000000000000e+00
4.377437567744046021e+00 3.808828726962796729e+00 3.719929119996488343e+00 5.553524321064698732e+00 6.000000000000000000e+00
4.948022596419810348e+00 4.318575918293483973e+00 3.912402759312265221e+00 4.408264330844390066e+00 6.000000000000000000e+00
5.444712060358230410e+00 4.819481928099604851e+00 4.287978346537783203e+00 4.173404726552411681e+00 5.954528716965294954e+00
5.809434471748153861e+00 5.240413567236711145e+00 4.690889630659953013e+00 4.320339058076048566e+00 4.814792951390821862e+00
5.988502762155190950e+00 5.521268066168528499e+00 5.023454645519521478e+00 4.579890442341606693e+00 4.515308354786941258e+00
5.946065318387058873e+00 5.616525073190925532e+00 5.219593214511829338e+00 4.805277385143130964e+00 4.533192808672557916e+00
5.675901608559975386e+00 5.503663559893125168e+00 5.239154400340302331e+00 4.913801403932893663e+00 4.610231867279713569e+00
5.206047868482637675e+00 5.189414115311721254e+00 5.069407633061293161e+00 4.864380707615802102e+00 4.618509151136253266e+00
4.593049706792988296e+00 4.709105280747715838e+00 4.725419426742756279e+00 4.648873175786753187e+00 4.501547578153743068e+00
3.907607516329133723e+00 4.118141602714594285e+00 4.245365939361720464e+00 4.285986100953699030e+00 4.247260825273302842e+00
3.217720463701256417e+00 3.478730000822305879e+00 3.680952444242041821e+00 3.813321512060955154e+00 3.872555071718058350e+00
2.575960682117267808e+00 2.846994251512628971e+00 3.085992254218214548e+00 3.277519850441377169e+00 3.411439403651805868e+00
2.014240900446683025e+00 2.264583767929400970e+00 2.506806407397641934e+00 2.724633150401902348e+00 2.904614095357551218e+00
1.545301654455937701e+00 1.756051676186748178e+00 1.976719922579245781e+00 2.192951137306883069e+00 2.391039376563199870e+00
1.167862128565204216e+00 1.330761001772548413e+00 1.514887580794632704e+00 1.709350780448633422e+00 1.902344010633551630e+00
8.724304745333766320e-01 9.870523279581751019e-01 1.128229468379107647e+00 1.288910344628668270e+00 1.460294665522915647e+00
6.460138527024561483e-01 7.167041578121524648e-01 8.148230417574620077e-01 9.367203171126126104e-01 1.076803726260858740e+00
4.752057400216633809e-01 5.085655302016183210e-01 5.674133143829641623e-01 6.506698596415634306e-01 7.555512703246561879e-01
3.478477614996320355e-01 3.510144773582821731e-01 3.762861882083879395e-01 4.242639585554600634e-01 4.942898870731260996e-01
2.537025261734369153e-01 2.333561782958014363e-01 2.312608192250120431e-01 2.489393814593784671e-01 2.871384632687833394e-01
1.845473677249946931e-01 1.464483351611874651e-01 1.228692788045242790e-01 1.157006729337884121e-01 1.264751217210696721e-01
1.339828901842530229e-01 8.284410508714193377e-02 4.292171646241527833e-02 1.611881169937558894e-02 4.294094811593707206e-03
9.713553265943541959e-02 3.667640252256265665e-02 -1.533065374732219509e-02 -5.716571977548275812e-02 -8.694607545372576296e-02
7.034962798690180819e-02 3.430843343562991251e-03 -5.726168424246359107e-02 -1.102761490385297111e-01 -1.538786527113196190e-01
5.091229139754283040e-02 -2.030731731669040835e-02 -8.704493940350718773e-02 -1.481332276069432241e-01 -2.020671067152260691e-01
3.682557955889009804e-02 -3.708910749084963487e-02 -1.078624565958813675e-01 -1.745907349123294872e-01 -2.360180984478631172e-01
2.662607976339170790e-02 -4.880302310036385011e-02 -1.221070510858596608e-01 -1.926086165585559340e-01 -2.592876342814558477e-01
1.924608424557128217e-02 -5.683777303841582723e-02 -1.315595125662457066e-01 -2.044267636855980341e-01 -2.746255610086265619e-01
1.390877767183162916e-02 -6.220952902596368211e-02 -1.375348477924673019e-01 -2.117209671630773393e-01 -2.841252687915022390e-01
1.005012631345270080e-02 -6.565916234888269365e-02 -1.409984107974320278e-01 -2.157340351439437087e-01 -2.893610162612481052e-01
7.261189997237238458e-03 -6.772536939246673326e-02 -1.426557199443381774e-01 -2.173814503565814626e-01 -2.915053604891736372e-01
5.245786884218617274e-03 -6.879904724875993138e-02 -1.430206422631399299e-01 -2.173340532212358622e-01 -2.914250898580643678e-01
3.789564690810820480e-03 -6.916340206878694719e-02 -1.424664668218781627e-01 -2.160814053963579229e-01 -2.897571457091187019e-01
2.737477466105531221e-03 -6.902336243971241014e-02 -1.412637905255676452e-01 -2.139796114490377932e-01 -2.869673446103759296e-01
1.977421132822954064e-03 -6.852705941512614307e-02 -1.396084220893880068e-01 -2.112870056735561830e-01 -2.833950342163762404e-01
1.428363292128587148e-03 -6.778146547072316785e-02 -1.376418270338078953e-01 -2.081905607774534872e-01 -2.792866237854880751e-01
1.031743188124600863e-03 -6.686375575638542346e-02 -1.354660501872471667e-01 -2.048253087570638398e-01 -2.748205210469554238e-01
7.452462286448024997e-04 -6.582954857738702870e-02 -1.331545767497304134e-01 -4.317963914682643178e-02 -1.805304907758562560e-01
5.383001867667047691e-04 -6.471887542634478796e-02 -1.307602209729672449e-01 -6.243844646701468548e-02 -1.493009732184948091e-01
3.888183869582562124e-04 -6.356050250075433172e-02 -1.283208472244746212e-01 -9.025401792783860344e-02 -1.522609495935259016e-01
2.808453688709633411e-04 -6.237505699867974124e-02 -1.258635144209634682e-01 -1.303921886419612264e-01 -1.760227734614004114e-01
2.028553403885524631e-04 -6.117728775460472279e-02 -1.234074758648200515e-01 -1.882369433349690979e-01 -2.184054068282194616e-01
1.465226246937234578e-04 -5.997769937575244542e-02 -1.209663492833942533e-01 -2.714429959559225836e-01 -2.830096146315713157e-01
1.058332806875839083e-04 -5.878373321548088087e-02 -1.185496858969172923e-01 -3.908046350531293456e-01 -3.775692596280877944e-01
7.644328476175132892e-05 -5.760062069201461049e-02 -1.161641045629104030e-01 -2.989289558893627463e-01 -3.652317528925815293e-01
5.521487201143315815e-05 -5.643199976809767232e-02 -1.138141113341530480e-01 -2.205464127292812992e-01 -3.130717050705569826e-01
3.988159739876095955e-05 -5.528036027052084245e-02 -1.115026915601571578e-01 -1.873303540649147725e-01 -2.709832926756084448e-01
2.880639001201501515e-05 -5.414736553573231553e-02 -1.092317375786342748e-01 -1.721100624037147364e-01 -2.441626337903281818e-01
2.080678572990990460e-05 -5.303408470148772424e-02 -1.070023575923647746e-01 -1.640828030121255499e-01 -2.279210620134449750e-01
1.502868761793507701e-05 -5.194116044625422812e-02 -1.048150986953453462e-01 -1.589534551214802638e-01 -2.177085822745920274e-01
1.085518053933753890e-05 -5.086893009804855509e-02 -1.026701078738847112e-01 -1.550141047471373656e-01 -2.106479945009807619e-01
7.840666718550437508e-06 -4.981751305851608164e-02 -1.005672482008991564e-01 -1.515853519456984155e-01 -2.051702942691353559e-01
5.663291321233998588e-06 -4.878687389686271053e-02 -9.850618266282475111e-02 -1.483966213436677672e-01 -6.207202164964797930e-02
4.090578984872195178e-06 -4.777686787001601126e-02 -9.648643460846308140e-02 -1.453398083604070523e-01 -8.972497917022792535e-02
2.954613270489403476e-06 -4.678727374978205317e-02 -9.450743131179097090e-02 -1.423713543907954571e-01 -1.296291769131023841e-01
2.134108489038055723e-06 -4.581781748308223073e-02 -9.256853533972632386e-02 -1.394733303616773612e-01 -1.871381639519071882e-01
1.541460262544092075e-06 -4.486818923099254730e-02 -9.066906711346617298e-02 -1.366379768758977098e-01 -2.698641945475621640e-01
1.113392167795268506e-06 -4.393805562793397929e-02 -8.880832111017476771e-02 -1.338615669426262422e-01 -3.321968843342000821e-01
8.041998524888072097e-07 -4.302706858725226235e-02 -8.698557747319436706e-02 -1.311419726435281152e-01 -2.369500999418413523e-01
5.808711582844239274e-07 -4.213487161522806723e-02 -8.520011030784629957e-02 -1.284777025096318082e-01 -1.969709708339476839e-01
4.195615010971209813e-07 -4.126110432488327290e-02 -8.345119358494483552e-02 -1.258675222277569616e-01 -1.790087509854872416e-01
3.030480151267056499e-07 -4.040540565154860514e-02 -8.173810531803010759e-02 -1.233103062483487250e-01 -1.698420045755546781e-01
2.188906753630703861e-07 -3.956741613080943382e-02 -8.006013049577474783e-02 -1.208049804576095815e-01 -1.642130272805001900e-01
1.581040933729127573e-07 -3.874677950091525575e-02 -7.841656311672394464e-02 -1.183505005211740041e-01 -1.600305331056537106e-01
1.141981265107006038e-07 -3.794314381735205272e-02 -7.680670757755296563e-02 -1.159458440262938206e-01 -1.564622275405383733e-01
8.248497973539770101e-08 -3.715616221652687234e-02 -7.522987959585425433e-02 -1.135900078333261370e-01 -1.531764088740192598e-01
5.957864424033232353e-08 -3.638549342675041764e-02 -7.368540679857979447e-02 -1.112820072994026022e-01 -1.500404267075251818e-01
4.303347456158235218e-08 -3.563080209726900843e-02 -7.217262907065866151e-02 -1.090208761049503428e-01 -1.470007882381157982e-01
3.108296287024359117e-08 -3.489175899695878130e-02 -7.069089873123156342e-02 -1.068056662188365952e-01 -1.440354881713523938e-01
2.245114050225538449e-08 -3.416804111950332012e-02 -6.923958058798529436e-02 -1.046354478457504622e-01 -1.411350548959712792e-01
1.621639178495115630e-08 -3.345933172235168035e-02 -6.781805190438762454e-02 -1.025093093168461672e-01 -1.382950142737604804e-01
1.171305985536719163e-08 -3.276532031772347309e-02 -6.642570230504921125e-02 -1.004263569222942354e-01 -1.355128930638067886e-01
8.460308009716754896e-09 -3.208570263024662639e-02 -6.506193363884904546e-02 -9.838571469594811769e-02 -1.327870272882544223e-01
6.110853156826578925e-09 -3.142018053154396751e-02 -6.372615981242427119e-02 -9.638652416493752317e-02 -1.301160882268478369e-01
4.413836407479720947e-09 -3.076846195830918243e-02 -6.241780660293595739e-02 -9.442794407494202458e-02 -1.274988937282137136e-01
3.188085351268910017e-09 -3.013026081949713234e-02 -6.113631145908442199e-02 -9.250915009855210924e-02 -1.249343329555322457e-01
2.302744661619726685e-09 -2.950529689614981091e-02 -5.988112329291383346e-02 -9.062933453437797826e-02 -1.224213362287281670e-01
1.663264193041413819e-09 -2.889329573703889112e-02 -5.865170226750977128e-02 -8.878770599939236896e-02 -1.199588627952728054e-01
1.201371446768462192e-09 -2.829398855117460851e-02 -5.744751958250609442e-02 -8.698348912027899227e-02 -1.175458957282071865e-01
8.677369933707268501e-10 -2.770711209945369430e-02 -5.626805726007334807e-02 -8.521592422411336520e-02 -1.151814396605455593e-01
6.267759644629222748e-10 -2.713240858641407377e-02 -5.511280793094606306e-02 -8.348426703125501336e-02 -1.128645196482923468e-01
4.527072050564129313e-10 -2.656962555105880572e-02 -5.398127462300077173e-02 -8.178778835151610804e-02 -1.105941804857649147e-01
3.269811088557617040e-10 -2.601851576066080765e-02 -5.287297055266539092e-02 -8.012577378343638257e-02 -1.083694862035663592e-01
2.361808526529785013e-10 -2.547883710409902178e-02 -5.178741891885813714e-02 -7.849752341870887273e-02 -1.061895196431971167e-01
1.706048635696788551e-10 -2.495035248746231213e-02 -5.072415270056202657e-02 -7.690235155123030519e-02 -1.040533820657115888e-01
1.232161039865786734e-10 -2.443282973138505981e-02 -4.968271445768066702e-02 -7.533958639093361886e-02 -1.019601927779455741e-01
8.901412940076625091e-11 -2.392604147013144625e-02 -4.866265613590874811e-02 -7.380856978303067251e-02 -9.990908876933789207e-02
6.428280130421626382e-11 -2.342976505214826657e-02 -4.766353887467252720e-02 -7.230865693242068126e-02 -9.789922435810317902e-02
4.642508599772554589e-11 -2.294378244305623690e-02 -4.668493281939575107e-02 -7.083921613358032388e-02 -9.592977084345340189e-02
3.353317623577822815e-11 -2.246788012983074942e-02 -4.572641693684566938e-02 -6.939962850503000880e-02 -9.399991616583945608e-02
2.422684275416031596e-11 -2.200184902761896308e-02 -4.478757883471704698e-02 -6.798928773015397442e-02 -9.210886457338014754e-02
1.748468037021666532e-11 -2.154548438789176748e-02 -4.386801458434911455e-02 -6.660759980162625493e-02 -9.025583629469056957e-02
1.261835080867967918e-11 -2.109858570882644849e-02 -4.296732854729155837e-02 -6.525398277275226699e-02 -8.844006721877925581e-02
9.098499731408082880e-12 -2.066095664714045696e-02 -4.208513320513753569e-02 -6.392786651203560822e-02 -8.666080858065824954e-02
6.567191235262725968e-12 -2.023240493195834627e-02 -4.122104899320769983e-02 -6.262869246391181144e-02 -8.491732665373893929e-02
4.757971794333570870e-12 -1.981274228028131329e-02 -4.037470413716633816e-02 -6.135591341384403347e-02 -8.320890244783978040e-02
3.442579554757685401e-12 -1.940178431454051694e-02 -3.954573449342664582e-02 -6.010899325783153335e-02 -8.153483141350911789e-02
2.488675931999750901e-12 -1.899935048128405940e-02 -3.873378339236201867e-02 -5.888740677751314739e-02 -7.989442315230241287e-02
1.797673121473053470e-12 -1.860526397223632999e-02 -3.793850148501903830e-02 -5.769063941865915784e-02 -7.828700113286254925e-02
1.304734098539483966e-12 -1.821935164652006486e-02 -3.715954659277562189e-02 -5.651818707516491347e-02 -7.671190241219956463e-02
9.432454817215329967e-13 -1.784144395415558290e-02 -3.639658356054898541e-02 -5.536955587674222828e-02 -7.516847736347564979e-02
6.794564910705958027e-13 -1.747137486259275896e-02 -3.564928411216013865e-02 -5.424426198108486114e-02 -7.365608940827342299e-02
4.822808818971680012e-13 -1.710898178257068067e-02 -3.491732670979804526e-02 -5.314183137079757369e-02 -7.217411475478853478e-02
3.508304757815494668e-13 -1.675410549763904633e-02 -3.420039641513770295e-02 -5.206179965316835162e-02 -7.072194214146806934e-02
2.522426711948355660e-13 -1.640659009359041187e-02 -3.349818475406578233e-02 -5.100371186574260279e-02 -6.929897258480487154e-02
1.865174681370262988e-13 -1.606628289028820197e-02 -3.281038958411346129e-02 -4.996712228410724738e-02 -6.790461913359760460e-02
1.216804434989171568e-13 -1.573303437443936831e-02 -3.213671496458125887e-02 -4.895159423470148846e-02 -6.653830662685336628e-02
8.792966355031239800e-14 -1.540669813413308130e-02 -3.147687102909096923e-02 -4.795669991113903768e-02 -6.519947145738071159e-02
5.506706202140776441e-14 -1.508713079404402566e-02 -3.083057386103022282e-02 -4.698202019414538660e-02 -6.388756133979682506e-02
5.506706202140776441e-14 -1.477419195311372065e-02 -3.019754537133350139e-02 -4.602714447509585749e-02 -6.260203508306341758e-02
5.506706202140776441e-14 -1.446774412226111903e-02 -2.957751317893988693e-02 -4.509167048329897759e-02 -6.134236236810274717e-02
5.506706202140776441e-14 -1.416765266429309729e-02 -2.897021049366812692e-02 -4.417520411703835387e-02 -6.010802352892834211e-02
5.506706202140776441e-14 -1.387378573462053240e-02 -2.837537600156463460e-02 -4.327735927725163273e-02 -5.889850933946327166e-02
5.506706202140776441e-14 -1.358601422348862039e-02 -2.779275375221696570e-02 -4.239775770545638894e-02 -5.771332080345378118e-02
5.506706202140776441e-14 -1.330421169906948441e-02 -2.722209304902680274e-02 -4.153602882432798349e-02 -5.655196894943706476e-02
5.506706202140776441e-14 -1.302825435199461875e-02 -2.666314834109661039e-02 -4.069180958203100912e-02 -5.541397462892082987e-02
5.506706202140776441e-14 -1.275802094096761471e-02 -2.611567911785412505e-02 -3.986474429903947431e-02 -5.429886831983635198e-02
5.506706202140776441e-14 -1.249339273954853426e-02 -2.557944980533520887e-02 -3.905448451893426404e-02 -5.320618993275364611e-02
5.506706202140776441e-14 -1.223425348392720782e-02 -2.505422966506317545e-02 -3.826068886149955328e-02 -5.213548862160821001e-02
5.506706202140776441e-14 -1.198048932174782324e-02 -2.453979269491492546e-02 -3.748302287907695485e-02 -5.108632259838914030e-02
5.506706202140776441e-14 -1.173198876227813867e-02 -2.403591753152553578e-02 -3.672115891593709380e-02 -5.005825895087560179e-02
5.506706202140776441e-14 -1.148864262739236232e-02 -2.354238735551636430e-02 -3.597477597020999618e-02 -4.905087346447146307e-02
5.506706202140776441e-14 -1.125034400346535367e-02 -2.305898979794854600e-02 -3.524355955909290461e-02 -4.806375044781392020e-02
5.506706202140776441e-14 -1.101698819436159639e-02 -2.258551684910426946e-02 -3.452720158630451924e-02 -4.709648256139097738e-02
5.506706202140776441e-14 -1.078847267582859308e-02 -2.212176476875727868e-02 -3.382540021224467175e-02 -4.614867065012094594e-02
5.506706202140776441e-14 -1.056469705004077150e-02 -2.166753399907181410e-02 -3.313785972740680014e-02 -4.521992357867552631e-02
5.506706202140776441e-14 -1.034556300165986702e-02 -2.122262907838249821e-02 -3.246429042752040778e-02 -4.430985807042569363e-02
5.506706202140776441e-14 -1.013097425445961923e-02 -2.078685855719361597e-02 -3.180440849194371422e-02 -4.341809855002589508e-02
5.506706202140776441e-14 -9.920836529502426865e-03 -2.036003491562042578e-02 -3.115793586392765629e-02 -4.254427698842982997e-02
5.506706202140776441e-14 -9.715057503164075542e-03 -1.994197448318786245e-02 -3.052460013384646759e-02 -4.168803275143603132e-02
5.506706202140776441e-14 -9.513546766910466884e-03 -1.953249735949364949e-02 -2.990413442453945456e-02 -4.084901245111635659e-02
5.506706202140776441e-14 -9.316215787287852185e-03 -1.913142733711617124e-02 -2.929627727859365413e-02 -4.002686980056942290e-02
5.506706202140776441e-14 -9.122977867475897534e-03 -1.873859182527048972e-02 -2.870077254882406198e-02 -3.922126547103291228e-02
5.506706202140776441e-14 -8.933748108793444775e-03 -1.835382177623424288e-02 -2.811736929010950556e-02 -3.843186695207848058e-02
5.506706202140776441e-14 -8.748443373426631475e-03 -1.797695161215041165e-02 -2.754582165410794994e-02 -3.765834841518585913e-02
5.506706202140776441e-14 -8.566982248269098751e-03 -1.760781915403986098e-02 -2.698588878525085694e-02 -3.690039057889399343e-02
5.506706202140776441e-14 -8.389285008749861744e-03 -1.724626555205060682e-02 -2.643733471989296799e-02 -3.615768057786769574e-02
5.506706202140776441e-14 -8.215273583789121578e-03 -1.689213521701751070e-02 -2.589992828681223283e-02 -3.542991183363663338e-02
5.506706202140776441e-14 -8.044871522031090544e-03 -1.654527575336234638e-02 -2.537344300973595757e-02 -3.471678392865450158e-02
5.506706202140776441e-14 -7.878003957590529183e-03 -1.620553789418256729e-02 -2.485765701222263785e-02 -3.401800248226657247e-02
5.506706202140776441e-14 -7.714597577531013585e-03 -1.587277543631061827e-02 -2.435235292418847994e-02 -3.333327902984122709e-02
5.506706202140776441e-14 -7.554580589756198714e-03 -1.554684517775261308e-02 -2.385731779044213477e-02 -3.266233090343611395e-02
5.506706202140776441e-14 -7.397882690987061562e-03 -1.522760685630628573e-02 -2.337234298101053404e-02 -3.200488111581603623e-02
5.506706202140776441e-14 -7.244435036407095678e-03 -1.491492308870040820e-02 -2.289722410333118810e-02 -3.136065824627222443e-02
5.506706202140776441e-14 -7.094170209026222015e-03 -1.460865931198631652e-02 -2.243176091622148607e-02 -3.072939632866856716e-02
5.506706202140776441e-14 -6.947022190414453048e-03 -1.430868372539672619e-02 -2.197575724552594187e-02 -3.011083474192848344e-02
5.506706202140776441e-14 -6.802926331376113120e-03 -1.401486723358461375e-02 -2.152902090168962515e-02 -2.950471810272407500e-02
5.506706202140776441e-14 -6.661819323667384808e-03 -1.372708339148622815e-02 -2.109136359867159680e-02 -2.891079616052315282e-02
5.506706202140776441e-14 -6.523639172278294408e-03 -1.344520834940389660e-02 -2.066260087469499671e-02 -2.832882369390485322e-02
5.506706202140776441e-14 -6.388325167920172812e-03 -1.316912080019849891e-02 -2.024255201477600033e-02 -2.775856041001848254e-02
5.506706202140776441e-14 -6.255817860786779851e-03 -1.289870192671097385e-02 -1.983103997451437367e-02 -2.719977084529365263e-02
5.506706202140776441e-14 -6.126059034070597577e-03 -1.263383535087653567e-02 -1.942789130563391670e-02 -2.665222426883948753e-02
5.506706202140776441e-14 -5.998991678486832214e-03 -1.237440708375202141e-02 -1.903293608259709266e-02 -2.611569458698465365e-02
5.506706202140776441e-14 -5.874559967176381202e-03 -1.212030547630468628e-02 -1.864600783174008569e-02 -2.558996025027569093e-02
5.506706202140776441e-14 -5.752709231471612658e-03 -1.187142117125188773e-02 -1.826694346065662472e-02 -2.507480416227400588e-02
5.506706202140776441e-14 -5.633385936412276147e-03 -1.162764705619276188e-02 -1.789558318981691876e-02 -2.457001358980876252e-02
5.506706202140776441e-14 -5.516537657626585309e-03 -1.138887821779792017e-02 -1.753177048492646564e-02 -2.407538007586159517e-02
5.506706202140776441e-14 -5.402113057971854801e-03 -1.115501189627354957e-02 -1.717535199162123841e-02 -2.359069935292535877e-02
5.506706202140776441e-14 -5.290061865300011747e-03 -1.092594744131277808e-02 -1.682617747014430662e-02 -2.311577125968916277e-02
5.506706202140776441e-14 -5.180334850183140015e-03 -1.070158626857346459e-02 -1.648409973287698685e-02 -2.265039965790047183e-02
5.506706202140776441e-14 -5.072883804293870473e-03 -1.048183181775719751e-02 -1.614897458177715073e-02 -2.219439235171861285e-02
5.506706202140776441e-14 -4.967661519174877520e-03 -1.026658951051325451e-02 -1.582066074804530306e-02 -2.174756100879620888e-02
5.506706202140776441e-14 -4.864621765707499539e-03 -1.005576671038507959e-02 -1.549901983224207490e-02 -2.130972108217444802e-02
5.506706202140776441e-14 -4.763719273509049203e-03 -9.849272682305702450e-03 -1.518391624647323981e-02 -2.088069173474675980e-02
5.506706202140776441e-14 -4.664909711330274267e-03 -9.647018553792874665e-03 -1.487521715712893274e-02 -2.046029576421349097e-02
5.506706202140776441e-14 -4.568149667362490438e-03 -9.448917276959194547e-03 -1.457279242870340025e-02 -2.004835953052639536e-02
5.506706202140776441e-14 -4.473396630363956489e-03 -9.254883590929643966e-03 -1.427651456925853324e-02 -1.964471288403550966e-02
5.506706202140776441e-14 -4.380608970774080291e-03 -9.064833984793529281e-03 -1.398625867669194694e-02 -1.924918909558348892e-02
5.506706202140776441e-14 -4.289745922447770268e-03 -8.878686662427533183e-03 -1.370190238624348529e-02 -1.886162478747364230e-02
5.506706202140776441e-14 -4.200767565008322463e-03 -8.696361506517499493e-03 -1.342332581870824687e-02 -1.848185986633092345e-02
5.506706202140776441e-14 -4.113634805941623895e-03 -8.517780044656027977e-03 -1.315041153023633648e-02 -1.810973745710687394e-02
5.506706202140776441e-14 -4.028309363645221457e-03 -8.342865415264055437e-03 -1.288304446268674457e-02 -1.774510383857046472e-02
5.506706202140776441e-14 -3.944753750510702692e-03 -8.171542334625286202e-03 -1.262111189529210344e-02 -1.738780837966932141e-02
5.506706202140776441e-14 -3.862931256588468358e-03 -8.003737064675661012e-03 -1.236450339695775724e-02 -1.703770347749837891e-02
5.506706202140776441e-14 -3.782805933513555281e-03 -7.839377380865228048e-03 -1.211311078014635709e-02 -1.669464449652484361e-02
5.506706202140776441e-14 -3.704342578146676158e-03 -7.678392541574323611e-03 -1.186682805519116354e-02 -1.635848970894261678e-02
5.506706202140776441e-14 -3.627506717933841243e-03 -7.520713257260384053e-03 -1.162555138530045259e-02 -1.602910023652530033e-02
5.506706202140776441e-14 -3.552264595162628238e-03 -7.366271660879378756e-03 -1.138917904328769735e-02 -1.570633999266284400e-02
5.506706202140776441e-14 -3.478583152282676855e-03 -7.215001278596688654e-03 -1.115761136860550333e-02 -1.539007562710104256e-02
5.506706202140776441e-14 -3.406430017653479161e-03 -7.066837001322168361e-03 -1.093075072519191122e-02 -1.508017647030721227e-02
5.506706202140776441e-14 -3.335773490785254227e-03 -6.921715056601327083e-03 -1.070850146058495607e-02 -1.477651448003008267e-02
5.506706202140776441e-14 -3.266582529034220157e-03 -6.779572981019213983e-03 -1.049076986544235542e-02 -1.447896418817045533e-02
5.506706202140776441e-14 -3.198826733381054770e-03 -6.640349593719172168e-03 -1.027746413428287826e-02 -1.418740264938970694e-02
5.506706202140776441e-14 -3.132476335591755263e-03 -6.503984969539903203e-03 -1.006849432679224159e-02 -1.390170939021214379e-02
5.506706202140776441e-14 -3.067502184586109147e-03 -6.370420413821224585e-03 -9.863772329621775872e-03 -1.362176635945116371e-02
5.506706202140776441e-14 -3.003875734244822963e-03 -6.239598436706550975e-03 -9.663211819642995512e-03 -1.334745787936967784e-02
5.506706202140776441e-14 -2.941569030382270265e-03 -6.111462728653897433e-03 -9.466728227435291729e-03 -1.307867059823632043e-02
5.506706202140776441e-14 -2.880554698650437430e-03 -5.985958136126443875e-03 -9.274238701946657670e-03 -1.281529344307620437e-02
5.506706202140776441e-14 -2.820805932615207730e-03 -5.863030637741020561e-03 -9.085662074965455276e-03 -1.255721757472098507e-02
5.506706202140776441e-14 -2.762296481648422557e-03 -5.742627321393863928e-03 -8.900918827487525400e-03 -1.230433634224929740e-02
5.506706202140776441e-14 -2.705000639825598258e-03 -5.624696360957563528e-03 -8.719931056274377729e-03 -1.205654523912539841e-02
5.506706202140776441e-14 -2.648893234364087853e-03 -5.509186994384612963e-03 -8.542622440397997299e-03 -1.181374186036991680e-02
5.506706202140776441e-14 -2.593949614511413017e-03 -5.396049501918322860e-03 -8.368918209905044231e-03 -1.157582585990514328e-02
5.506706202140776441e-14 -2.540145640955118137e-03 -5.285235184318472917e-03 -8.198745113742782892e-03 -1.134269890953950623e-02
5.506706202140776441e-14 -2.487457675069163539e-03 -5.176696342185448108e-03 -8.032031389133907628e-03 -1.111426465838660955e-02
5.506706202140776441e-14 -2.435862568458180711e-03 -5.070386255372450260e-03 -7.868706731304287577e-03 -1.089042869287347275e-02
5.506706202140776441e-14 -2.385337652909976479e-03 -4.966259163085001878e-03 -7.708702263853865408e-03 -1.067109849797301044e-02
5.506706202140776441e-14 -2.335860730495692081e-03 -4.864270243663558480e-03 -7.551950509883264932e-03 -1.045618341903115436e-02
5.506706202140776441e-14 -2.287410063546256069e-03 -4.764375595970191980e-03 -7.398385363295832164e-03 -1.024559462449963279e-02
5.506706202140776441e-14 -2.239964365338303551e-03 -4.666532219878137544e-03 -7.247942061324179515e-03 -1.003924506911176885e-02
5.506706202140776441e-14 -2.193502790777831189e-03 -4.570697998180847307e-03 -7.100557156882094517e-03 -9.837049458011379310e-03
5.506706202140776441e-14 -2.148004927072253833e-03 -4.476831678261796246e-03 -6.956168491935148419e-03 -9.638924211672488668e-03
5.506706202140776441e-14 -2.103450784816188798e-03 -4.384892854678249657e-03 -6.814715171491072913e-03 -9.444787431181083520e-03
5.506706202140776441e-14 -2.059820789158302908e-03 -4.294841951238697816e-03 -6.676137537823207367e-03 -9.254558864921127309e-03
5.506706202140776441e-14 -2.017095771431337212e-03 -4.206640204381093852e-03 -6.540377145407881045e-03 -9.068159874860693553e-03
5.506706202140776441e-14 -1.975256960452646121e-03 -4.120249646295396848e-03 -6.407376736036147179e-03 -8.885513404702789775e-03
5.506706202140776441e-14 -1.934285974513323984e-03 -4.035633088742205700e-03 -6.277080214943228133e-03 -8.706543947587543769e-03
5.506706202140776441e-14 -1.894164813000552127e-03 -3.952754107015307369e-03 -6.149432627420128687e-03 -8.531177515416991236e-03
5.506706202140776441e-14 -1.854875848826170997e-03 -3.871577024059495459e-03 -6.024380134906545323e-03 -8.359341608020345177e-03
5.506706202140776441e-14 -1.816401820497672666e-03 -3.792066895375856110e-03 -5.901869993206521926e-03 -8.190965183157251223e-03
5.506706202140776441e-14 -1.778725824390022274e-03 -3.714189493983355208e-03 -5.781850529561557636e-03 -8.025978627592064707e-03
5.506706202140776441e-14 -1.741831307735695758e-03 -3.637911295442849188e-03 -5.664271121278932446e-03 -7.864313728097651127e-03
5.506706202140776441e-14 -1.705702061083656058e-03 -3.563199463654448569e-03 -5.549082174220623491e-03 -7.705903643221475273e-03
5.506706202140776441e-14 -1.670322210933385685e-03 -3.490021836846126085e-03 -5.436235101934163566e-03 -7.550682876112622954e-03
5.506706202140776441e-14 -1.635676213361234683e-03 -3.418346913146080943e-03 -5.325682305473058292e-03 -7.398587246953714294e-03
5.506706202140776441e-14 -1.601748846692437360e-03 -3.348143837797118612e-03 -5.217377152660759507e-03 -7.249553867190913423e-03
5.506706202140776441e-14 -1.568525205018538472e-03 -3.279382389328957485e-03 -5.111273959144142093e-03 -7.103521112611299419e-03
5.506706202140776441e-14 -1.535990691547306714e-03 -3.212032966842598685e-03 -5.007327968895137517e-03 -6.960428598932577419e-03
5.506706202140776441e-14 -1.504131012413871061e-03 -3.146066577113454561e-03 -4.905495335098875899e-03 -6.820217156194301363e-03
5.506706202140776441e-14 -1.472932170032147580e-03 -3.081454822191815029e-03 -4.805733102124920900e-03 -6.682828804576790641e-03
5.506706202140776441e-14 -1.442380457273110704e-03 -3.018169887221646645e-03 -4.707999187247904720e-03 -6.548206730463897694e-03
5.506706202140776441e-14 -1.412462451324799110e-03 -2.956184528348588993e-03 -4.612252362669825440e-03 -6.416295262976827625e-03
5.506706202140776441e-14 -1.383165007821820234e-03 -2.895472060969842085e-03 -4.518452238485366063e-03 -6.287039851624302671e-03
5.506706202140776441e-14 -1.354475254929516899e-03 -2.836006348539014781e-03 -4.426559245403754658e-03 -6.160387042044694790e-03
5.506706202140776441e-14 -1.326380587899282258e-03 -2.777761791076751533e-03 -4.336534618436111745e-03 -6.036284455842310347e-03
5.506706202140776441e-14 -1.298868663361115502e-03 -2.720713314086549341e-03 -4.248340380142471943e-03 -5.914680768314995243e-03
5.506706202140776441e-14 -1.271927394018325949e-03 -2.664836357888529430e-03 -4.161939324960306844e-03 -5.795525686970804183e-03
5.506706202140776441e-14 -1.245544943363127753e-03 -2.610106867247423239e-03 -4.077295003160287881e-03 -5.678769930612250633e-03
5.506706202140776441e-14 -1.219709720155672536e-03 -2.556501280648976367e-03 -3.994371705940491860e-03 -5.564365210067464228e-03
5.506706202140776441e-14 -1.194410373924537300e-03 -2.503996520344917414e-03 -3.913134450049827670e-03 -5.452264207078450810e-03
5.506706202140776441e-14 -1.169635789291748745e-03 -2.452569982460313987e-03 -3.833548963115278058e-03 -5.342420555403896119e-03
5.506706202140776441e-14 -1.145375081675624939e-03 -2.402199527069219260e-03 -3.755581669364519998e-03 -5.234788821567919366e-03
5.506706202140776441e-14 -1.121617592284648076e-03 -2.352863468984041882e-03 -3.679199675087563726e-03 -5.129324485912284577e-03
5.506706202140776441e-14 -1.098352883185901071e-03 -2.304540568171905245e-03 -3.604370755348078759e-03 -5.025983924556064880e-03
5.506706202140776441e-14 -1.075570733122876077e-03 -2.257210020673353166e-03 -3.531063339790844850e-03 -4.924724391064674682e-03
5.506706202140776441e-14 -1.053261132708447744e-03 -2.210851449823757892e-03 -3.459246499863140919e-03 -4.825503999041185800e-03
5.506706202140776441e-14 -1.031414280414820949e-03 -2.165444897038396131e-03 -3.388889935356255087e-03 -4.728281704719657606e-03
5.506706202140776441e-14 -1.010020577786627065e-03 -2.120970813696204833e-03 -3.319963962082405490e-03 -4.633017289884106861e-03
5.506706202140776441e-14 -9.890706256012570929e-04 -2.077410052588196838e-03 -3.252439498662812629e-03 -4.539671345916867530e-03
5.506706202140776441e-14 -9.685552194881069015e-04 -2.034743859558884455e-03 -3.186288055205213025e-03 -4.448205256303620035e-03
5.506706202140776441e-14 -9.484653461304385540e-04 -1.992953865433579400e-03 -3.121481720560761400e-03 -4.358581181967672961e-03
5.506706202140776441e-14 -9.287921789968559732e-04 -1.952022078326955687e-03 -3.057993150826122594e-03 -4.270762044890798539e-03
5.506706202140776441e-14 -9.095270746546488174e-04 -1.911930875903524460e-03 -2.995795557923825077e-03 -4.184711513244715637e-03
5.506706202140776441e-14 -8.906615691734556025e-04 -1.872662997086256857e-03 -2.934862697902259308e-03 -4.100393986077129592e-03
5.506706202140776441e-14 -8.721873739732554287e-04 -1.834201535795277000e-03 -2.875168860503775001e-03 -4.017774578400952999e-03
5.506706202140776441e-14 -8.540963725073780688e-04 -1.796529932871863576e-03 -2.816688857747025234e-03 -3.936819107250588007e-03
5.506706202140776441e-14 -8.363806163531321185e-04 -1.759631969110528370e-03 -2.759398013737890312e-03 -3.857494077813208942e-03
5.506706202140776441e-14 -8.190323224297588103e-04 -1.723491758188385511e-03 -2.703272153824368227e-03 -3.779766668641034409e-03
5.506706202140776441e-14 -8.020438685118128205e-04 -1.688093740369583885e-03 -2.648287595070807771e-03 -3.703604718884842811e-03
5.506706202140776441e-14 -7.854077909660222906e-04 -1.653422674957337945e-03 -2.594421135491069719e-03 -3.628976714836939978e-03
5.506706202140776441e-14 -7.691167807125702484e-04 -1.619463634413832471e-03 -2.541650044736194682e-03 -3.555851776801067111e-03
5.506706202140776441e-14 -7.531636801489198767e-04 -1.586201997838959004e-03 -2.489952054551796811e-03 -3.484199646417987604e-03
5.506706202140776441e-14 -7.375414804193935895e-04 -1.553623444043890052e-03 -2.439305349255117567e-03 -3.413990674222408799e-03
5.506706202140776441e-14 -7.222433180891220080e-04 -1.521713946270698576e-03 -2.389688556336378930e-03 -3.345195807135428832e-03
5.506706202140776441e-14 -7.072624718579792902e-04 -1.490459765777262099e-03 -2.341080737769297634e-03 -3.277786576916788628e-03
5.506706202140776441e-14 -6.925923598805121218e-04 -1.459847445813784771e-03 -2.293461381231480956e-03 -3.211735087895916524e-03
5.506706202140776441e-14 -6.782265368983816370e-04 -1.429863805978751155e-03 -2.246810391154494338e-03 -3.147014005966233211e-03
5.506706202140776441e-14 -6.641586913498938706e-04 -1.400495936313713493e-03 -2.201108080466679558e-03 -3.083596546919644635e-03
5.506706202140776441e-14 -6.503826424757872199e-04 -1.371731192214903881e-03 -2.156335162222287796e-03 -3.021456465482122520e-03
5.506706202140776441e-14 -6.368923378636075477e-04 -1.343557188590677144e-03 -2.112472741408458286e-03 -2.960568044547843940e-03
5.506706202140776441e-14 -6.236818505504606366e-04 -1.315961794548150621e-03 -2.069502307097257753e-03 -2.900906084508954926e-03
5.506706202140776441e-14 -6.107453764680118155e-04 -1.288933128478721721e-03 -2.027405724669432020e-03 -2.842445892853096446e-03
5.506706202140776441e-14 -5.980772321308179583e-04 -1.262459552436703001e-03 -1.986165228008947899e-03 -2.785163273927008902e-03
5.506706202140776441e-14 -5.856718518188433909e-04 -1.236529667760347768e-03 -1.945763412022689064e-03 -2.729034518990297760e-03
5.506706202140776441e-14 -5.735237851492907884e-04 -1.211132309726285381e-03 -1.906183225547689129e-03 -2.674036396423969033e-03
5.506706202140776441e-14 -5.616276949967089274e-04 -1.186256542779743793e-03 -1.867407963885905084e-03 -2.620146142117363731e-03
5.506706202140776441e-14 -5.499783547364093129e-04 -1.161891655913738219e-03 -1.829421262144046833e-03 -2.567341449973139806e-03
5.506706202140776441e-14 -5.385706463221062289e-04 -1.138027158182644072e-03 -1.792207087492295832e-03 -2.515600462977710203e-03
5.506706202140776441e-14 -5.273995577885460476e-04 -1.114652773944749698e-03 -1.755749733578413751e-03 -2.464901763716017321e-03
5.506706202140776441e-14 -5.164601811454300889e-04 -1.091758438510703408e-03 -1.720033812871290179e-03 -2.415224366168988029e-03
5.506706202140776441e-14 -5.057477101641607350e-04 -1.069334293957064329e-03 -1.685044250831186892e-03 -2.366547706230089695e-03
5.506706202140776441e-14 -4.952574384262807723e-04 -1.047370684727953315e-03 -1.650766279285552493e-03 -2.318851633962783557e-03
5.506706202140776441e-14 -4.849847569750783674e-04 -1.025858153595807665e-03 -1.617185430257291100e-03 -2.272116404783715900e-03
5.506706202140776441e-14 -4.749251525230748015e-04 -1.004787437276869920e-03 -1.584287529787237712e-03 -2.226322671578480957e-03
5.506706202140776441e-14 -4.650742055014876254e-04 -9.841494629926400214e-04 -1.552058692104433700e-03 -2.181451476457820296e-03
5.506706202140776441e-14 -4.554275877747319913e-04 -9.639353441691704506e-04 -1.520485313613928685e-03 -2.137484243359096588e-03
5.506706202140776441e-14 -4.459810612611327476e-04 -9.441363765704460917e-04 -1.489554067201688580e-03 -2.094402769756148995e-03
5.506706202140776441e-14 -4.367304755918071757e-04 -9.247440349496788064e-04 -1.459251896867136931e-03 -2.052189219725592158e-03
5.506706202140776441e-14 -4.276717665026306459e-04 -9.057499687984189472e-04 -1.429566011683542325e-03 -2.010826116174319576e-03
5.506706202140776441e-14 -4.188009541058981713e-04 -8.871459993461311205e-04 -1.400483881048614166e-03 -1.970296333755043421e-03
5.506706202140776441e-14 -4.101141410374125945e-04 -8.689241155146609644e-04 -1.371993228922213605e-03 -1.930583091982639643e-03
5.506706202140776441e-14 -4.016075107430068123e-04 -8.510764710224865120e-04 -1.344082028750559141e-03 -1.891669947858535704e-03
5.506706202140776441e-14 -3.932773257773777126e-04 -8.335953804947074820e-04 -1.316738498536136658e-03 -1.853540789575652782e-03
5.506706202140776441e-14 -3.851199265536409512e-04 -8.164733162074435443e-04 -1.289951095702778069e-03 -1.816179829632763544e-03
5.506706202140776441e-14 -3.771317287842929013e-04 -7.997029055924661503e-04 -1.263708512340218967e-03 -1.779571597936986356e-03
5.506706202140776441e-14 -3.693092231180782775e-04 -7.832769266969140430e-04 -1.237999670587561002e-03 -1.743700936062885995e-03
5.506706202140776441e-14 -3.616489727349690209e-04 -7.671883065896025833e-04 -1.212813717395173950e-03 -1.708552990751085240e-03
5.506706202140776441e-14 -3.541476119479923025e-04 -7.514301170507369215e-04 -1.188140020684259066e-03 -1.674113207625301577e-03
5.506706202140776441e-14 -3.468018451274231645e-04 -7.359955723964075377e-04 -1.163968164283375782e-03 -1.640367325113477803e-03
5.506706202140776441e-14 -3.396084451571616532e-04 -7.208780260958980038e-04 -1.140287943848697794e-03 -1.607301369093415552e-03
5.506706202140776441e-14 -3.325642513644005765e-04 -7.060709682914131360e-04 -1.117089362695158992e-03 -1.574901646284177512e-03
5.506706202140776441e-14 -3.256661689652472929e-04 -6.915680226808885696e-04 -1.094362626918464389e-03 -1.543154739433768912e-03
5.506706202140776441e-14 -3.189111672447765772e-04 -6.773629440606222492e-04 -1.072098142112813115e-03 -1.512047501033671236e-03
5.506706202140776441e-14 -3.122962785856657594e-04 -6.634496150054993097e-04 -1.050286508470499314e-03 -1.481567048519109127e-03
5.506706202140776441e-14 -3.058185966699006266e-04 -6.498220440201162061e-04 -1.028918517581681267e-03 -1.451700758623766883e-03
5.506706202140776441e-14 -2.994752752977738910e-04 -6.364743632824833514e-04 -1.007985148374501358e-03 -1.422436261660281996e-03
5.506706202140776441e-14 -2.932635279882708215e-04 -6.234008242328364707e-04 -9.874775628732582623e-04 -1.393761437711763624e-03
5.506706202140776441e-14 -2.871806254836957060e-04 -6.105957971174036771e-04 -9.673871029682271517e-04 -1.365664410459303422e-03
5.506706202140776441e-14 -2.812238948457501664e-04 -5.980537677257478577e-04 -9.477052863157656593e-04 -1.338133542818360821e-03
5.506706202140776441e-14 -2.753907194625715817e-04 -5.857693346918166691e-04 -9.284238032956083604e-04 -1.311157431855420859e-03
5.506706202140776441e-14 -2.696785364260387632e-04 -5.737372081790738593e-04 -9.095345131117906151e-04 -1.284724903886846556e-03
5.506706202140776441e-14 -2.640848360390350268e-04 -5.619522064764124678e-04 -8.910294402614917560e-04 -1.258825010866685681e-03
5.506706202140776441e-14 -2.586071608662226856e-04 -5.504092544122615163e-04 -8.729007718982403343e-04 -1.233447024338754899e-03
5.506706202140776441e-14 -2.532431041929378073e-04 -5.391033811473539992e-04 -8.551408533145281972e-04 -1.208580432712272595e-03
5.506706202140776441e-14 -2.479903092113502796e-04 -5.280297179284983980e-04 -8.377421859915302723e-04 -1.184214935182481207e-03
5.506706202140776441e-14 -2.428464683556024958e-04 -5.171834957283424341e-04 -8.206974236401259155e-04 -1.160340438875672939e-03
5.506706202140776441e-14 -2.378093215797662198e-04 -5.065600436622440424e-04 -8.039993694808189985e-04 -1.136947053913820154e-03
5.506706202140776441e-14 -2.328766558069787611e-04 -4.961547866841588489e-04 -7.876409725235800465e-04 -1.114025089627486463e-03
5.506706202140776441e-14 -2.280463039213328211e-04 -4.859632438041957539e-04 -7.716153260486359163e-04 -1.091565050103119206e-03
5.506706202140776441e-14 -2.233161436953367044e-04 -4.759810258489298169e-04 -7.559156629126795182e-04 -1.069557631163497828e-03
5.506706202140776441e-14 -2.186840969770877054e-04 -4.662038338958838179e-04 -7.405353539831073225e-04 -1.047993715555668205e-03
5.506706202140776441e-14 -2.141481286018836691e-04 -4.566274575665830158e-04 -7.254679042072287700e-04 -1.026864369915540419e-03
5.506706202140776441e-14 -2.097062458428664510e-04 -4.472477724312809476e-04 -7.107069519564736867e-04 -1.006160840136249499e-03
5.506706202140776441e-14 -2.053564969444043994e-04 -4.380607389792063764e-04 -6.962462637049839304e-04 -9.858745491118678199e-04
5.506706202140776441e-14 -2.010969710876181146e-04 -4.290624007835304064e-04 -6.820797333775860220e-04 -9.659970913666727057e-04
5.506706202140776441e-14 -1.969257966554967818e-04 -4.202488825042626657e-04 -6.682013785599406593e-04 -9.465202322395487294e-04
5.506706202140776441e-14 -1.928411413828860495e-04 -4.116163883786034855e-04 -6.546053386531800952e-04 -9.274359017338964280e-04
5.506706202140776441e-14 -1.888412102901836532e-04 -4.031612007809953703e-04 -6.412858722184998014e-04 -9.087361923184672985e-04
5.506706202140776441e-14 -1.849242461451201217e-04 -3.948796781953293751e-04 -6.282373548064152822e-04 -8.904133560514891285e-04
5.506706202140776441e-14 -1.810885281871381087e-04 -3.867682539456127554e-04 -6.154542757796766352e-04 -8.724598010555545879e-04
5.506706202140776441e-14 -1.773323709552075938e-04 -3.788234348043461480e-04 -6.029312370444457224e-04 -8.548680881090102695e-04
5.506706202140776441e-14 -1.736541243517443435e-04 -3.710417989234510096e-04 -5.906629499605300969e-04 -8.376309278903824916e-04
5.506706202140776441e-14 -1.700521724998644538e-04 -3.634199949288297233e-04 -5.786442334079510731e-04 -8.207411776442649068e-04
5.506706202140776441e-14 -1.665249325523215581e-04 -3.559547405113768956e-04 -5.668700119071163777e-04 -8.041918387158872132e-04
5.506706202140776441e-14 -1.630708551797107329e-04 -3.486428201794858242e-04 -5.553353129281735079e-04 -7.879760532688502876e-04
5.506706202140776441e-14 -1.596884223826158691e-04 -3.414810849537986402e-04 -5.440352651885874569e-04 -7.720871015720682162e-04
5.506706202140776441e-14 -1.563761484861366706e-04 -3.344664503117208607e-04 -5.329650962415809386e-04 -7.565183990637730982e-04
5.506706202140776441e-14 -1.531325780448936048e-04 -3.275958951586790849e-04 -5.221201309365315233e-04 -7.412634938961526346e-04
5.506706202140776441e-14 -1.499562862066647849e-04 -3.208664603418694963e-04 -5.114957887587755735e-04 -7.263160643368112316e-04
5.506706202140776441e-14 -1.468458771868810689e-04 -3.142752476431509762e-04 -5.010875829817958626e-04 -7.116699154983142624e-04
5.506706202140776441e-14 -1.437999847095176582e-04 -3.078194183818860224e-04 -4.908911174307472279e-04 -6.973189775688388601e-04
5.506706202140776441e-14 -1.408172704634668120e-04 -3.014961918154461236e-04 -4.809020858490476087e-04 -6.832573030487968258e-04
5.506706202140776441e-14 -1.378964238687584339e-04 -2.953028446968098395e-04 -4.711162692107542685e-04 -6.694790638656592397e-04
5.506706202140776441e-14 -1.350361618548544425e-04 -2.892367095213154056e-04 -4.615295343445363564e-04 -6.559785495900082551e-04
5.506706202140776441e-14 -1.322352277589219081e-04 -2.832951734959010537e-04 -4.521378322876283269e-04 -6.427501648390047343e-04
5.506706202140776441e-14 -1.294923908967682280e-04 -2.774756776326544249e-04 -4.429371962862153813e-04 -6.297884265774373767e-04
5.506706202140776441e-14 -1.268064462130493982e-04 -2.717757155270561498e-04 -4.339237401514017150e-04 -6.170879624299034551e-04
5.506706202140776441e-14 -1.241762136103680939e-04 -2.661928322149763500e-04 -4.250936567294247791e-04 -6.046435081104471407e-04
5.506706202140776441e-14 -1.216005376123131755e-04 -2.607246229237396014e-04 -4.164432165616162524e-04 -5.924499055009577360e-04
5.506706202140776441e-14 -1.190782866573293576e-04 -2.553687323959325959e-04 -4.079687658374775623e-04 -5.805021003153498782e-04
5.506706202140776441e-14 -1.166083524260544234e-04 -2.501228541009902114e-04 -3.996667247639840354e-04 -5.687951397655021009e-04
5.506706202140776441e-14 -1.141896498264721195e-04 -2.449847283490699237e-04 -3.915335866244110011e-04 -5.573241713669279101e-04
5.506706202140776441e-14 -1.118211161143928934e-04 -2.399521420373880996e-04 -3.835659162223796406e-04 -5.460844400115701059e-04
5.506706202140776441e-14 -1.095017110029236992e-04 -2.350229275620855849e-04 -3.757603478895383512e-04 -5.350712861491281830e-04
5.506706202140776441e-14 -1.072304149957844290e-04 -2.301949620438981299e-04 -3.681135843153878948e-04 -5.242801446392773498e-04
5.506706202140776441e-14 -1.050062304638702952e-04 -2.254661657450213988e-04 -3.606223957538285839e-04 -5.137065417683509428e-04
5.506706202140776441e-14 -1.028281802599137924e-04 -2.208345017477539882e-04 -3.532836175539637216e-04 -5.033460942520513693e-04
5.506706202140776441e-14 -1.006953074688491794e-04 -2.162979753404699888e-04 -3.460941494154655927e-04 -4.931945068223693050e-04
5.506706202140776441e-14 -9.860667491508040420e-05 -2.118546324843134123e-04 -3.390509549652994661e-04 -4.832475708024916070e-04
5.506706202140776441e-14 -9.656136485093688314e-05 -2.075025592668626180e-04 -3.321510583747850796e-04 -4.735011626781766261e-04
5.506706202140776441e-14 -9.455847895919097779e-05 -2.032398810158190790e-04 -3.253915451268813677e-04 -4.639512414201939932e-04
5.506706202140776441e-14 -9.259713722037736224e-05 -1.990647617350570469e-04 -3.187695596436201256e-04 -4.545938476448201006e-04
5.506706202140776441e-14 -9.067647775073216080e-05 -1.949754031528825335e-04 -3.122823044478636643e-04 -4.454251017553955577e-04
5.506706202140776441e-14 -8.879565677803273594e-05 -1.909700437788449388e-04 -3.059270393844423222e-04 -4.364412020823790197e-04
5.506706202140776441e-14 -8.695384793370546084e-05 -1.870469583702405729e-04 -2.997010792033033490e-04 -4.276384238442782924e-04
5.506706202140776441e-14 -8.515024221432305758e-05 -1.832044570561147331e-04 -2.936017938028591618e-04 -4.190131171918276749e-04
5.506706202140776441e-14 -8.338404705955723294e-05 -1.794408847773412664e-04 -2.876266065721111431e-04 -4.105617054927327976e-04
5.506706202140776441e-14 -8.165448643874621815e-05 -1.757546202883227113e-04 -2.817729931560523644e-04 -4.022806846255406435e-04
5.506706202140776441e-14 -7.996080051921860827e-05 -1.721440758484680199e-04 -2.760384805376472602e-04 -3.941666208280292781e-04
5.506706202140776441e-14 -7.830224526289923366e-05 -1.686076963142378842e-04 -2.704206460241827736e-04 -3.862161491611298893e-04
5.506706202140776441e-14 -7.667809187292800720e-05 -1.651439581828707760e-04 -2.649171163944252783e-04 -3.784259731999030396e-04
5.506706202140776441e-14 -7.508762691722121465e-05 -1.617513695576571983e-04 -2.595255663197626027e-04 -3.707928622590876406e-04
5.506706202140776441e-14 -7.353015148569373564e-05 -1.584284693663118575e-04 -2.542437176819824446e-04 -3.633136511067260261e-04
5.506706202140776441e-14 -7.200498148695420723e-05 -1.551738256006775175e-04 -2.490693392171856283e-04 -3.559852382229922369e-04
5.506706202140776441e-14 -7.051144664623384939e-05 -1.519860368887883341e-04 -2.440002447124574867e-04 -3.488045844513452064e-04
5.506706202140776441e-14 -6.904889088588106461e-05 -1.488637297272147177e-04 -2.390342924170063825e-04 -3.417687119584567599e-04
5.506706202140776441e-14 -6.761667152712635682e-05 -1.458055594443821408e-04 -2.341693844442420121e-04 -3.348747026042710206e-04
5.506706202140776441e-14 -6.621415951858105643e-05 -1.428102085824593521e-04 -2.294034648204768261e-04 -3.281196974706631817e-04
5.506706202140776441e-14 -6.484073848726328016e-05 -1.398763868004709258e-04 -2.247345203692259605e-04 -3.215008950626428805e-04
5.506706202140776441e-14 -6.349580513142303998e-05 -1.370028303272115831e-04 -2.201605782062779750e-04 -3.150155501303743928e-04
5.506706202140776441e-14 -6.217876854813398778e-05 -1.341883014670011394e-04 -2.156797055398839823e-04 -3.086609731135354332e-04
5.506706202140776441e-14 -6.088905002240920129e-05 -1.314315876084361885e-04 -2.112900093476384586e-04 -3.024345282972203943e-04
5.506706202140776441e-14 -5.962608301084421899e-05 -1.287315015658780618e-04 -2.069896346368189336e-04 -2.963336330494392278e-04
5.506706202140776441e-14 -5.838931256936236017e-05 -1.260868798058200745e-04 -2.027767644979877268e-04 -2.903557572609441169e-04
5.506706202140776441e-14 -5.717819550043277136e-05 -1.234965832192030325e-04 -1.986496186038965838e-04 -2.844984213038396332e-04
5.506706202140776441e-14 -5.599219930695706896e-05 -1.209594961832628714e-04 -1.946064532213130454e-04 -2.787591955172084401e-04
5.506706202140776441e-14 -5.483080321246133358e-05 -1.184745257071756583e-04 -1.906455597871835144e-04 -2.731356992120865927e-04
5.506706202140776441e-14 -5.369349695518709371e-05 -1.160406011396405144e-04 -1.867652647095762852e-04 -2.676255999670917006e-04
5.506706202140776441e-14 -5.257978085880417047e-05 -1.136566742851413778e-04 -1.829639282241816707e-04 -2.622266119257569256e-04
5.506706202140776441e-14 -5.148916563612413458e-05 -1.113217179129190272e-04 -1.792399441152317497e-04 -2.569364956966244617e-04
5.506706202140776441e-14 -5.042117192178477544e-05 -1.090347262955020390e-04 -1.755917389424302823e-04 -2.517530567517428045e-04
5.506706202140776441e-14 -4.937533063437496845e-05 -1.067947143651733194e-04 -1.720177705675376241e-04 -2.466741448866235356e-04
5.506706202140776441e-14 -4.835118244520166523e-05 -1.046007168669168831e-04 -1.685165291441135193e-04 -2.416976530379863985e-04
5.506706202140776441e-14 -4.734827711720217258e-05 -1.024517888040884795e-04 -1.650865349452688795e-04 -2.368215168325525459e-04
5.506706202140776441e-14 -4.636617410714481490e-05 -1.003470045639314200e-04 -1.617263384517433867e-04 -2.320437134611571248e-04
5.506706202140776441e-14 -4.540444216324009819e-05 -9.828545714073051449e-05 -1.584345198455847591e-04 -2.273622605526139041e-04
5.506706202140776441e-14 -4.446265846575284537e-05 -9.626625865974941098e-05 -1.552096877929157583e-04 -2.227752160564475613e-04
5.506706202140776441e-14 -4.354040951331699446e-05 -9.428853922542508321e-05 -1.520504796419815238e-04 -2.182806768072251768e-04
5.506706202140776441e-14 -4.263728967493675962e-05 -9.235144694955302162e-05 -1.489555603548944158e-04 -2.138767782198087411e-04
5.506706202140776441e-14 -4.175290255217222341e-05 -9.045414698218103608e-05 -1.459236219250628326e-04 -2.095616930907427927e-04
5.506706202140776441e-14 -4.088685948458638800e-05 -8.859582226454768472e-05 -1.429533831104409661e-04 -2.053336311545953376e-04
5.506706202140776441e-14 -4.003878000145739697e-05 -8.677567209895246925e-05 -1.400435883013527699e-04 -2.011908381410223957e-04
-0.000000000000000000e+00 -3.920829148985237122e-05 -8.499291248219194024e-05 -1.371930079248960088e-04 -1.971315950308895988e-04
-3.128689300804661233e-01 -1.773307887413182460e-01 -1.005489365455075473e-01 -5.706495797399214337e-02 -3.245380348830249895e-02
-6.180339887499032292e-01 -4.281697742677753604e-01 -2.868404213930765834e-01 -1.876470689462529651e-01 -1.206252510589190530e-01
-9.079809994791054883e-01 -6.995230313569993363e-01 -5.206705602463412852e-01 -3.765137008889953840e-01 -2.658176666829567547e-01
-1.175570504584960485e+00 -9.660770130376192810e-01 -7.712307574642205399e-01 -5.992082469574816495e-01 -4.542656231455081683e-01
-1.414213562373110911e+00 -1.213858586676294982e+00 -1.017756751653327463e+00 -8.335204223163139581e-01 -6.673438841994256965e-01
-1.618033988749910668e+00 -1.433818878045028056e+00 -1.246530945250975408e+00 -1.062356538463268052e+00 -8.874412487955000151e-01
-1.782013048376749786e+00 -1.619368205918397141e+00 -1.448144424142908004e+00 -1.273260771395853697e+00 -1.100093495949398203e+00
-1.902113032590318165e+00 -1.765469634991893022e+00 -1.615837505484195802e+00 -1.457221381399635529e+00 -1.294145010181218192e+00
-1.975376681190281758e+00 -1.868338081172163712e+00 -1.744648585467879709e+00 -1.607675526022863011e+00 -1.461222033600131809e+00
-2.000000000000000000e+00 -1.925364562872943219e+00 -1.831026075506849926e+00 -1.719874186168520280e+00 -1.595140670676981287e+00
-1.975376681190267769e+00 -1.935113267277930982e+00 -1.872670981875184548e+00 -1.790531729381031223e+00 -1.691458519591582110e+00
-1.902113032590290631e+00 -1.897330195070771941e+00 -1.868479452145789477e+00 -1.817650657438546036e+00 -1.747189260558444701e+00
-1.782013048376709596e+00 -1.812938794286652833e+00 -1.818517963315640529e+00 -1.800436828757829621e+00 -1.760637363211072115e+00
-1.618033988749858487e+00 -1.684012998646603032e+00 -1.723998371514803063e+00 -1.739251328503603311e+00 -1.731303414970615018e+00
-1.414213562373048072e+00 -1.513724480651073012e+00 -1.587237751843679545e+00 -1.635568275187366361e+00 -1.659821733700487467e+00
-1.175570504584888987e+00 -1.306263886025856191e+00 -1.411596822497635184e+00 -1.491922479005802105e+00 -1.547905188462400439e+00
-9.079809994790265515e-01 -1.066737379781543149e+00 -1.201395227842389168e+00 -1.311839428162557830e+00 -1.398282614905533183e+00
-6.180339887498190743e-01 -8.010408090462455277e-01 -9.618043261577585712e-01 -1.099744931688068084e+00 -1.214621320454428721e+00
-3.128689300803777495e-01 -5.157144848870576226e-01 -6.987194890945570558e-01 -8.608545038754581435e-01 -1.001431676210498667e+00
8.946109102988317817e-14 -2.177821205847865482e-01 -4.186147816757606610e-01 -6.010441923931237884e-01 -7.639535634537629738e-01
3.128689300805544971e-01 8.542212299223501948e-02 -1.283834820133935017e-01 -3.267055506017951250e-01 -5.080261486476141952e-01
6.180339887499883833e-01 3.864342322488484305e-01 1.648316834568475941e-01 -4.458810249951970089e-02 -2.399435305011837216e-01
9.079809994791850913e-01 6.778441315258557642e-01 4.538144308963285023e-01 2.383669227581229066e-01 3.370051310112883586e-02
1.175570504585032872e+00 9.524781449787563803e-01 7.314526143939641400e-01 5.151975391117201708e-01 3.061750139755687328e-01
1.414213562373173971e+00 1.203575637244726382e+00 9.909133541906893772e-01 7.790924461857802186e-01 5.707776132365276478e-01
1.618033988749962626e+00 1.424955483563661085e+00 1.225811287218161016e+00 1.023558754056587139e+00 8.209996250426224718e-01
1.782013048376790421e+00 1.611168270368628308e+00 1.430365797757132240e+00 1.242581864402619862e+00 1.050686316940136811e+00
1.902113032590345476e+00 1.757630478689184983e+00 1.599543356970917429e+00 1.430773573061135062e+00 1.254188468006557589e+00
1.975376681190295747e+00 1.860737346331260200e+00 1.729181466565198777e+00 1.583504748020690966e+00 1.426501476545277036e+00
2.000000000000000000e+00 1.917951629802064462e+00 1.816091154717740741e+00 1.697019316226737518e+00 1.563388593693927797e+00
1.975376681190253780e+00 1.927866080363528800e+00 1.858135500512982041e+00 1.768526752620802389e+00 1.661485249279359921e+00
1.902113032590263320e+00 1.890238095852013300e+00 1.854282253358668031e+00 1.796270794094623868e+00 1.718381901409960388e+00
1.782013048376668962e+00 1.805995695017444724e+00 1.804629251721077576e+00 1.779572686420673122e+00 1.732683369932191075e+00
1.618033988749806307e+00 1.677214667278102977e+00 1.710402015291414779e+00 1.718847899291227277e+00 1.704043192827213726e+00
1.414213562372984789e+00 1.507067460539033510e+00 1.573923569869983163e+00 1.615595897891394905e+00 1.633172159617729102e+00
1.175570504584817266e+00 1.299745065624187124e+00 1.398557247983026608e+00 1.472363222866600152e+00 1.521820811672559781e+00
9.079809994789468375e-01 1.060353820788985768e+00 1.188623873668385622e+00 1.292680787781508522e+00 1.372736340322036508e+00
6.180339887497331430e-01 7.947896773293162687e-01 9.492953706199105390e-01 1.080976938013439748e+00 1.189594944094403806e+00
3.128689300802902640e-01 5.095930222828982670e-01 6.864674134083391666e-01 8.424684118633837260e-01 9.769113106672423497e-01
-1.789221820597663563e-13 2.117876329731417928e-01 4.066142575304211859e-01 5.830318887809688988e-01 7.399274523901426814e-01
-3.128689300806419271e-01 -9.129227113291482620e-02 1.166293228521118608e-01 3.090592876159962143e-01 4.844836326169888463e-01
-6.180339887500734264e-01 -3.921826206940172699e-01 -1.763445441873227049e-01 2.730037793308042263e-02 2.168745610710859362e-01
-9.079809994792640282e-01 -6.834732861111192381e-01 -4.650909501063032470e-01 -2.553034201771736678e-01 -5.630560080776013387e-02
-1.175570504585105258e+00 -9.579905389778032854e-01 -7.424976449026862158e-01 -5.317899553921804356e-01 -3.283256080519644793e-01
-1.414213562373236588e+00 -1.208973692562683055e+00 -1.001731648240033801e+00 -7.953477749512288808e-01 -5.924828758442618470e-01
-1.618033988750015695e+00 -1.430241571843118509e+00 -1.236407499109759112e+00 -1.039483843781725980e+00 -8.422685175275882452e-01
-1.782013048376830611e+00 -1.616344714048841613e+00 -1.440744486100117738e+00 -1.258183423155503133e+00 -1.071527613160264458e+00
-1.902113032590373454e+00 -1.762699552032620076e+00 -1.609708986744616155e+00 -1.446058172128702912e+00 -1.274610762272479381e+00
-1.975376681190309514e+00 -1.865701276425749677e+00 -1.739138411081236235e+00 -1.598478825018651683e+00 -1.446513189092303753e+00
-2.000000000000000000e+00 -1.922812597540344948e+00 -1.825843697518193975e+00 -1.711689177955711072e+00 -1.582997975007581770e+00
-1.975376681190239792e+00 -1.932626221402020006e+00 -1.867687837220014746e+00 -1.782898577783234462e+00 -1.680700383870723069e+00
-1.902113032590236008e+00 -1.894899501548269249e+00 -1.863638493480391789e+00 -1.810350635920731532e+00 -1.737210711310148703e+00
-1.782013048376628772e+00 -1.810560413350054798e+00 -1.813793420421194957e+00 -1.793366475226662482e+00 -1.751133618024198313e+00
-1.618033988749753238e+00 -1.681684703746926468e+00 -1.719378055120065474e+00 -1.732361444978735454e+00 -1.722122486072332537e+00
-1.414213562372920840e+00 -1.511444779045128639e+00 -1.582715342459668273e+00 -1.628834892393687284e+00 -1.650887952197839459e+00
-1.175570504584745546e+00 -1.304031589333233487e+00 -1.407168535708535284e+00 -1.485333242544252252e+00 -1.539180408063381744e+00
-9.079809994788679006e-01 -1.064551432976048817e+00 -1.197058381274581640e+00 -1.305387295768029476e+00 -1.389746898299773603e+00
-6.180339887496488771e-01 -7.989002222064407466e-01 -9.575567268135802834e-01 -1.093425286514543959e+00 -1.206263477681473795e+00
-3.128689300802010576e-01 -5.136183058092547160e-01 -6.945591724193703742e-01 -8.546638444079877051e-01 -9.932446930183009837e-01
2.657187378305491588e-13 -2.157294236486700101e-01 -4.145399006400332098e-01 -5.949795424277146694e-01 -7.559324186196388906e-01
3.128689300807294127e-01 8.743224149084520558e-02 -1.243922598900259330e-01 -3.207641951143970771e-01 -5.001667825698891123e-01
6.180339887501576923e-01 3.884026561894328711e-01 1.687409733770297016e-01 -3.876746984094556203e-02 -2.322423620382976506e-01
9.079809994793445194e-01 6.797717260244652282e-01 4.576434742280283685e-01 2.440693134200062619e-01 4.124681142920649801e-02
1.175570504585175646e+00 9.543657570367539700e-01 7.352030598030319108e-01 5.207841014303571381e-01 3.135696201510310699e-01
1.414213562373299204e+00 1.205424096226924258e+00 9.945868155300857660e-01 7.845655375236857410e-01 5.780236040411532716e-01
1.618033988750067653e+00 1.426765601604917721e+00 1.229409344815203919e+00 1.028920680770937457e+00 8.280999986700151583e-01
1.782013048376871689e+00 1.612940842747951908e+00 1.433889999339085897e+00 1.247834884676210843e+00 1.057644003869788074e+00
1.902113032590400099e+00 1.759366284185351459e+00 1.602995218433483693e+00 1.435919898655483085e+00 1.261006336540432038e+00
1.975376681190323502e+00 1.862437147568025031e+00 1.732562472665868603e+00 1.588546545551767331e+00 1.433182335923291806e+00
2.000000000000000000e+00 1.919616173583896357e+00 1.819402759731870933e+00 1.701958708224217798e+00 1.569935196111425624e+00
1.975376681190225803e+00 1.929496098004369387e+00 1.861379128866315957e+00 1.773365818484275325e+00 1.667900291399261548e+00
1.902113032590208697e+00 1.891834303496875203e+00 1.857459300242425781e+00 1.801011570994744293e+00 1.724668025640444302e+00
1.782013048376588582e+00 1.807558793956700827e+00 1.807741083693405137e+00 1.784217170167184729e+00 1.738843165585955752e+00
1.618033988749701280e+00 1.678745344256098670e+00 1.713449970864848959e+00 1.723398045177042093e+00 1.710079197218518754e+00
1.414213562372858224e+00 1.508566388055415208e+00 1.576908960088066136e+00 1.620053621516830855e+00 1.639086859118932038e+00
1.175570504584671161e+00 1.301212902229710977e+00 1.401481356982909210e+00 1.476730400945846844e+00 1.527616642742351205e+00
9.079809994787889638e-01 1.061791211374503829e+00 1.191487959234123872e+00 1.296959258931762449e+00 1.378415690509168678e+00
6.180339887495646112e-01 7.961972534091694698e-01 9.521006647225129793e-01 1.085168503528594286e+00 1.195160153019858562e+00
3.128689300801135720e-01 5.109714022729244798e-01 6.892151227354456067e-01 8.465748364710512508e-01 9.823646709863468329e-01
-3.578443641195327127e-13 2.131374224616719437e-01 4.093055640053987476e-01 5.870549013848642694e-01 7.452712107353485216e-01
-3.128689300808168983e-01 -8.997047911877149862e-02 1.192653841424052286e-01 3.130005820229035396e-01 4.897199905203354908e-01
-6.180339887502419582e-01 -3.908882454277868290e-01 -1.737625941728514756e-01 3.116161356487547052e-02 2.220056758698371047e-01
-9.079809994794234562e-01 -6.822057589114574050e-01 -4.625620007298912317e-01 -2.515206175854395321e-01 -5.127761508482320263e-02
-1.175570504585250031e+00 -9.567493029596373377e-01 -7.400206083198850315e-01 -5.280839931084958527e-01 -3.233986798152972963e-01
-1.414213562373361821e+00 -1.207758202391666202e+00 -9.993054589319035896e-01 -7.917170925773714396e-01 -5.876549750925379456e-01
-1.618033988750119834e+00 -1.429051293495926744e+00 -1.234031113424767456e+00 -1.035926912596871308e+00 -8.375376550131865550e-01
-1.782013048376911879e+00 -1.615179124579499748e+00 -1.438416881805336445e+00 -1.254698745473062038e+00 -1.066891839571388667e+00
-1.902113032590428743e+00 -1.761558139341504958e+00 -1.607429162587306948e+00 -1.442644280666761425e+00 -1.270068167432351736e+00
-1.975376681190337269e+00 -1.864583539035971516e+00 -1.736905386356635939e+00 -1.595134282282987703e+00 -1.442061901173418148e+00
-2.000000000000000000e+00 -1.921718044375979373e+00 -1.823656511648861223e+00 -1.708412575635153363e+00 -1.578636159762906610e+00
-1.975376681190212036e+00 -1.931554371573492412e+00 -1.865545549342145337e+00 -1.779688536157202350e+00 -1.676426243878949229e+00
-1.902113032590180053e+00 -1.893849884140577977e+00 -1.861540182040207547e+00 -1.807205803279512191e+00 -1.733022485237283750e+00
-1.782013048376548392e+00 -1.809532567216242782e+00 -1.811738182777899331e+00 -1.790285527302195145e+00 -1.747029579899556317e+00
-1.618033988749649099e+00 -1.680678177304792742e+00 -1.717365007158096590e+00 -1.729343084388345275e+00 -1.718100944578550227e+00
-1.414213562372795607e+00 -1.510459130079443657e+00 -1.580743618208442447e+00 -1.625877848093991274e+00 -1.646947249975859728e+00
-1.175570504584599441e+00 -1.303066384801181199e+00 -1.405237286970167476e+00 -1.482436269296805609e+00 -1.535318921030956796e+00
-9.079809994787100269e-01 -1.063606248817179800e+00 -1.195166777258753532e+00 -1.302549173615705769e+00 -1.385963034983618947e+00
-6.180339887494803452e-01 -7.979746431559568975e-01 -9.557039537812559438e-01 -1.090644820267893778e+00 -1.202555678563331565e+00
-3.128689300800260864e-01 -5.127119252159334506e-01 -6.927444333318000247e-01 -8.519398631432084645e-01 -9.896114298932557896e-01
4.464172767297157656e-13 -2.148418432961891056e-01 -4.127624148166846307e-01 -5.923108989938942193e-01 -7.523721939679981485e-01
3.128689300809043838e-01 8.830141155917343998e-02 -1.226512626728256533e-01 -3.181497656508424643e-01 -4.966781289412826039e-01
6.180339887503295548e-01 3.892537978415314126e-01 1.704462309523697705e-01 -3.620615330463614751e-02 -2.288238414483274030e-01
9.079809994795023931e-01 6.806052132075882666e-01 4.593137257547129093e-01 2.465785957172905718e-01 4.459660809002977816e-02
1.175570504585318865e+00 9.551819559418301964e-01 7.368390238179424179e-01 5.232424062765415052e-01 3.168520736968071794e-01
1.414213562373427102e+00 1.206223365449049290e+00 9.961891958232892419e-01 7.869739002499629432e-01 5.812400675590367882e-01
1.618033988750171792e+00 1.427548292301408228e+00 1.230978830731554785e+00 1.031280115687995824e+00 8.312517980759518421e-01
1.782013048376950515e+00 1.613707298792302014e+00 1.435427266076102493e+00 1.250146385500311208e+00 1.060732438453986681e+00
1.902113032590456054e+00 1.760116842318435237e+00 1.604500927330641646e+00 1.438184438926965125e+00 1.264032679501709833e+00
1.975376681190351036e+00 1.863172137545897167e+00 1.734037271489325294e+00 1.590765079044487607e+00 1.436147834893005237e+00
2.000000000000000000e+00 1.920335918323057722e+00 1.820847282953338642e+00 1.704132169346290082e+00 1.572841073665933287e+00
1.975376681190198047e+00 1.930200913723085110e+00 1.862793997935185963e+00 1.775495122671703507e+00 1.670747745563224251e+00
1.902113032590153852e+00 1.892524499854305375e+00 1.858845123853295700e+00 1.803097615096225459e+00 1.727458230380064519e+00
1.782013048376506426e+00 1.808234674189236335e+00 1.809098458048052249e+00 1.786260832821549682e+00 1.741577271290545736e+00
1.618033988749597141e+00 1.679407205310400775e+00 1.714779479928702610e+00 1.725400187182701162e+00 1.712758331174828896e+00
1.414213562372730548e+00 1.509214520718561658e+00 1.578211175840654956e+00 1.622015086194231293e+00 1.641712125974494452e+00
1.175570504584527720e+00 1.301847591257542680e+00 1.402756839664601518e+00 1.478652014491770084e+00 1.530189124959591140e+00
9.079809994786310900e-01 1.062412735616477200e+00 1.192737257586383492e+00 1.298841830767116345e+00 1.380936448811010520e+00
6.180339887493927487e-01 7.968058859303976948e-01 9.533243162244761093e-01 1.087012826639280227e+00 1.197630226825745048e+00
3.128689300799386008e-01 5.115674104749475815e-01 6.904136538346967722e-01 8.483816877409073864e-01 9.847850788405821953e-01
-5.314374756610983176e-13 2.137210681991860706e-01 4.104794903446059018e-01 5.888250419229663635e-01 7.476429507249615636e-01
-3.128689300809953666e-01 -8.939893942195553667e-02 1.204152107805853134e-01 3.147347574839666762e-01 4.920440406866913863e-01
-6.180339887504103791e-01 -3.903285606668848717e-01 -1.726363725431431517e-01 3.286055446285648940e-02 2.242829946105240613e-01
-9.079809994795844386e-01 -6.816576831904775924e-01 -4.614588995687977091e-01 -2.498561955707268856e-01 -4.904608862152540910e-02
-1.175570504585393472e+00 -9.562125954824793883e-01 -7.389401530328605361e-01 -5.264533888295543917e-01 -3.212120253442748985e-01
-1.414213562373487054e+00 -1.207232627356948029e+00 -9.982471846654895620e-01 -7.901196191239262534e-01 -5.855122908129841708e-01
-1.618033988750225971e+00 -1.428536619993364676e+00 -1.232994564866473741e+00 -1.034361897007371356e+00 -8.354380572373802938e-01
-1.782013048376992259e+00 -1.614675126488203549e+00 -1.437401612987877497e+00 -1.253165528451195110e+00 -1.064834462361605283e+00
-1.902113032590482256e+00 -1.761064595231387919e+00 -1.606434736696513710e+00 -1.441142216303879842e+00 -1.268052162243999303e+00
-1.975376681190365469e+00 -1.864100232069070717e+00 -1.735931375544501609e+00 -1.593662737786552874e+00 -1.440086436506344381e+00
-2.000000000000000000e+00 -1.921244762212733326e+00 -1.822702496848742193e+00 -1.706970931062566699e+00 -1.576700420818881287e+00
-1.975376681190183614e+00 -1.931090906278235542e+00 -1.864611120088776719e+00 -1.778276184155164419e+00 -1.674529432226667724e+00
-1.902113032590125430e+00 -1.893396032090780334e+00 -1.860624936292967435e+00 -1.805822148827630924e+00 -1.731163818483717032e+00
-1.782013048376468012e+00 -1.809088129012955459e+00 -1.810841726748340541e+00 -1.788929987463354410e+00 -1.745208291367729370e+00
-1.618033988749542962e+00 -1.680242957685108562e+00 -1.716486955140361426e+00 -1.728015088063087568e+00 -1.716316282992241815e+00
-1.414213562372670374e+00 -1.510032937830475541e+00 -1.579883592413221516e+00 -1.624576835780927597e+00 -1.645198479150370208e+00
-1.175570504584458886e+00 -1.302649032676171492e+00 -1.404394917362654427e+00 -1.481161692855792023e+00 -1.533605319570394032e+00
-9.079809994785490446e-01 -1.063197553453547384e+00 -1.194341701399053601e+00 -1.301300496038040544e+00 -1.384283895983793977e+00
-6.180339887493119244e-01 -7.975744249941780772e-01 -9.548958166686802862e-01 -1.089421515450709421e+00 -1.200910309320577296e+00
-3.128689300798476181e-01 -5.123200084210095540e-01 -6.919528872522676677e-01 -8.507414156671779804e-01 -9.879991516196727774e-01
6.235631019500818210e-13 -2.144580556804708826e-01 -4.119871191929878607e-01 -5.911368039067930180e-01 -7.507923415118704646e-01
3.128689300810793550e-01 8.867723861223690551e-02 -1.218918839188199849e-01 -3.169995282551060223e-01 -4.951300505133674479e-01
6.180339887504979757e-01 3.896218294506011426e-01 1.711900195767152577e-01 -3.507928894925524399e-02 -2.273068983537321064e-01
9.079809994796602668e-01 6.809656110666223450e-01 4.600422442820280011e-01 2.476825618414012498e-01 4.608304171497841495e-02
1.175570504585462084e+00 9.555348783908693688e-01 7.375525857124777263e-01 5.243239393351818434e-01 3.183086111423436559e-01
1.414213562373552335e+00 1.206568967543842019e+00 9.968881081149064682e-01 7.880334559626136492e-01 5.826673097938385171e-01
1.618033988750275931e+00 1.427886725881488239e+00 1.231663394148352797e+00 1.032318140518946326e+00 8.326503339953069682e-01
1.782013048377034004e+00 1.614038712547771981e+00 1.436097775173138080e+00 1.251163316846882756e+00 1.062102845121506212e+00
1.902113032590510677e+00 1.760441381855192722e+00 1.605157670617378463e+00 1.439180705303112262e+00 1.265375522387220064e+00
1.975376681190378791e+00 1.863489945449755103e+00 1.734680531553142169e+00 1.591741100261518049e+00 1.437463668105415371e+00
2.000000000000000000e+00 1.920647134222159380e+00 1.821477336580950457e+00 1.705088356689807405e+00 1.574130440181188195e+00
1.975376681190170514e+00 1.930505674349605849e+00 1.863411116232182474e+00 1.776431879074166664e+00 1.672011177447953578e+00
1.902113032590097008e+00 1.892822939104094937e+00 1.859449572360749148e+00 1.804015335306650369e+00 1.728696249010168717e+00
1.782013048376426045e+00 1.808526923180877821e+00 1.809690496856324771e+00 1.787159903572003827e+00 1.742790387567014321e+00
1.618033988749493002e+00 1.679693392442741073e+00 1.715359363789427771e+00 1.726280987350798268e+00 1.713947045733106078e+00
1.414213562372605315e+00 1.509494771727693418e+00 1.578779154276599872e+00 1.622877986962477204e+00 1.642876929390611140e+00
1.175570504584384501e+00 1.302122029271006731e+00 1.403313157076514495e+00 1.479497379504143506e+00 1.531330497952822611e+00
9.079809994784733274e-01 1.062681481207910839e+00 1.193282153358616648e+00 1.299670016282204577e+00 1.382054862441117082e+00
6.180339887492243278e-01 7.970690571728806795e-01 9.538580248274336482e-01 1.087824181679627911e+00 1.198726142687723373e+00
3.128689300797636297e-01 5.118251229917145650e-01 6.909364049261758067e-01 8.491765542405260714e-01 9.858589492537291887e-01
-7.156887282390654254e-13 2.139734352162594166e-01 4.109915088679405026e-01 5.896037548710365561e-01 7.486952189199396202e-01
-3.128689300811703378e-01 -8.915180702804451074e-02 1.209167170622878068e-01 3.154976450656417630e-01 4.930751409880424485e-01
-6.180339887505789109e-01 -3.900865543188368756e-01 -1.721451626993736328e-01 3.360793819763335105e-02 2.252933526150229515e-01
-9.079809994797423123e-01 -6.814206965631434132e-01 -4.609777747887595090e-01 -2.491240006935201978e-01 -4.805605586949158320e-02
-1.175570504585536691e+00 -9.559805244565001692e-01 -7.384689062811224947e-01 -5.257360742182591862e-01 -3.202419091802363171e-01
-1.414213562373612287e+00 -1.207005369972358411e+00 -9.977856131567138798e-01 -7.894168824547164176e-01 -5.845616907851597377e-01
-1.618033988750330110e+00 -1.428314076405275967e+00 -1.232542469977558897e+00 -1.033673442097053252e+00 -8.345065809409798474e-01
-1.782013048377072639e+00 -1.614457198922455650e+00 -1.436958800173036455e+00 -1.252491065132295578e+00 -1.063921725277533703e+00
-1.902113032590539321e+00 -1.760851187941714358e+00 -1.606001015403137444e+00 -1.440481460303099315e+00 -1.267157787580253103e+00
-1.975376681190393224e+00 -1.863891251295743290e+00 -1.735506559131632986e+00 -1.593015410604098570e+00 -1.439210055043011804e+00
-2.000000000000000000e+00 -1.921040116140368958e+00 -1.822286402506321679e+00 -1.706336759855759277e+00 -1.575841670756022550e+00
-1.975376681190156081e+00 -1.930890504996014778e+00 -1.864203568759572827e+00 -1.777654901623036965e+00 -1.673687959035286665e+00
-1.902113032590070585e+00 -1.893199787552924507e+00 -1.860225752595134674e+00 -1.805213493098756894e+00 -1.730339274759595813e+00
-1.782013048376387410e+00 -1.808895954999733657e+00 -1.810450738900282408e+00 -1.788333701985606705e+00 -1.744400336688679332e+00
-1.618033988749438823e+00 -1.680054769765255251e+00 -1.716103994886222228e+00 -1.727430921495403338e+00 -1.715524583777593426e+00
-1.414213562372545141e+00 -1.509848653324035173e+00 -1.579508494951400666e+00 -1.624004541887099862e+00 -1.644422708523545218e+00
-1.175570504584309894e+00 -1.302468570618224408e+00 -1.404027521274188173e+00 -1.480601030401788032e+00 -1.532845157224127730e+00
-9.079809994783911709e-01 -1.063020834558306538e+00 -1.193981848578672844e+00 -1.300751228689826622e+00 -1.383539028048496711e+00
-6.180339887491433926e-01 -7.974013716207219993e-01 -9.545433522563896434e-01 -1.088883411674824497e+00 -1.200180428234710606e+00
-3.128689300796726469e-01 -5.121505445386630440e-01 -6.916076595670431759e-01 -8.502142486332997517e-01 -9.872839560035401307e-01
8.007089271704479269e-13 -2.142921068353962621e-01 -4.116489796676674473e-01 -5.906203513920360582e-01 -7.500915360428299650e-01
3.128689300812543261e-01 8.883974532878703700e-02 -1.215606870352817503e-01 -3.164935725505661490e-01 -4.944433458045786600e-01
6.180339887506665075e-01 3.897809654359621900e-01 1.715144163486822526e-01 -3.458361676842412052e-02 -2.266340108345807625e-01
9.079809994798180295e-01 6.811214462366891320e-01 4.603599805474449247e-01 2.481681594520284417e-01 4.674238991541415644e-02
1.175570504585611298e+00 9.556874812114568574e-01 7.378637982102584925e-01 5.247996670850995082e-01 3.189546923098856568e-01
1.414213562373677568e+00 1.206718405060852373e+00 9.971929307768805373e-01 7.884995144029166569e-01 5.833003907413367717e-01
1.618033988750380070e+00 1.428033063749901022e+00 1.231961958157718806e+00 1.032774726126380216e+00 8.332706761725258149e-01
1.782013048377114606e+00 1.614182015060874997e+00 1.436390209019695607e+00 1.251610622107176107e+00 1.062710704723320410e+00
1.902113032590565522e+00 1.760581711972614816e+00 1.605444100153408993e+00 1.439618918792098690e+00 1.265971150458707895e+00
1.975376681190407657e+00 1.863627364825189314e+00 1.734961080047531468e+00 1.592170406723913301e+00 1.438047310645398591e+00
2.000000000000000000e+00 1.920781703230610704e+00 1.821752124772042292e+00 1.705508937117701684e+00 1.574702338243645139e+00
1.975376681190142758e+00 1.930637452113736829e+00 1.863680262379907804e+00 1.776843910782808456e+00 1.672571567241671220e+00
1.902113032590042163e+00 1.892951983519898018e+00 1.859713192297185680e+00 1.804418992009257039e+00 1.729245361995504382e+00
1.782013048376345665e+00 1.808653290943895264e+00 1.809948704035954981e+00 1.787555355452608019e+00 1.743328450551590469e+00
1.618033988749388863e+00 1.679817139072484311e+00 1.715612269337617235e+00 1.726668401136727038e+00 1.714474280965246678e+00
1.414213562372480082e+00 1.509615951591998684e+00 1.579026867037484516e+00 1.623257525993440975e+00 1.643393554651154442e+00
1.175570504584241061e+00 1.302240695609726995e+00 1.403555783660311418e+00 1.479869203802104627e+00 1.531836726644673075e+00
9.079809994783091254e-01 1.062797686157067156e+00 1.193519798186576830e+00 1.300034282617811288e+00 1.382550903677246756e+00
6.180339887490557960e-01 7.971828517868236874e-01 9.540907901772670563e-01 1.088181043639101508e+00 1.199212201376944398e+00
3.128689300795886585e-01 5.119365572661261909e-01 6.911643909759993543e-01 8.495261622897674059e-01 9.863352261859938963e-01
-8.928345534594315312e-13 2.140825581090957386e-01 4.112148137397234060e-01 5.899462564192559100e-01 7.491619108484414147e-01
-3.128689300813453089e-01 -8.904494757365184754e-02 1.211354368632947404e-01 3.158331845272320249e-01 4.935324407105380340e-01
