259.21	21.16 	46	17.75 	161	163	57	167.56 	170.52 	166.21 	f
256	31.36 	56	21.88 	160	164	58	165.89 	175.72 	184.20 	f
265.69	25.00 	50	18.82 	163	174	50	194.88 	174.12 	162.57 	f
285.61	29.16 	54	18.91 	169	173	69	168.00 	178.16 	183.12 	f
256	23.04 	48	18.75 	160	169	54	156.28 	165.36 	180.84 	f
259.21	32.49 	57	21.99 	161	175	64	190.38 	175.00 	168.04 	f
256	25.00 	50	19.53 	160	160	72	170.79 	168.53 	169.21 	f
278.89	28.09 	53	19.00 	167	183	61	168.28 	170.09 	159.95 	f
289	36.00 	60	20.76 	170	173	48	166.63 	171.49 	178.21 	f
262.44	25.00 	50	19.05 	162	170	56	189.68 	164.98 	166.68 	f
289	28.09 	53	18.34 	170	186	67	183.64 	161.85 	181.13 	f
268.96	26.01 	51	18.96 	164	170	70	162.26 	164.63 	155.21 	f
256	22.09 	47	18.36 	160	170	70	172.67 	171.55 	173.71 	f
268.96	33.64 	58	21.56 	164	185	67	184.51 	167.25 	164.34 	f
275.56	32.49 	57	20.69 	166	171	68	182.82 	172.71 	189.04 	f
302.76	31.36 	56	18.50 	174	170	65	173.57 	173.42 	186.75 	f
249.64	23.04 	48	19.23 	158	160	48	164.65 	170.99 	172.66 	f
249.64	25.00 	50	20.03 	158	169	57	194.02 	174.14 	165.83 	f
285.61	31.36 	56	19.61 	169	173	60	170.00 	163.84 	173.95 	f
256	32.49 	57	22.27 	160	155	65	174.32 	169.19 	161.39 	f
272.25	28.09 	53	19.47 	165	179	54	177.17 	173.98 	185.31 	f
262.44	30.25 	55	20.96 	162	170	46	168.42 	166.01 	176.95 	f
292.41	30.25 	55	18.81 	171	175	53	169.74 	174.82 	180.05 	f
249.64	22.09 	47	18.83 	158	174	65	172.62 	159.96 	163.20 	f
256	29.16 	54	21.09 	160	170	65	178.67 	165.62 	185.38 	f
249.64	22.09 	47	18.83 	158	173	66	155.37 	174.37 	164.47 	f
268.96	23.04 	48	17.85 	164	170	68.5	160.05 	180.70 	169.07 	f
249.64	27.04 	52	20.83 	158	169	77	175.02 	171.10 	185.77 	f
256	21.16 	46	17.97 	160	185	50	173.45 	169.13 	165.15 	F
272.25	24.01 	49	18.00 	165	160	63	176.58 	171.52 	189.83 	F
289	30.25 	55	19.03 	170	174	64	178.35 	167.20 	186.31 	F
256	25.00 	50	19.53 	160	170	65	162.94 	172.30 	185.94 	F
243.36	20.25 	45	18.49 	156	178	68	177.54 	168.06 	183.20 	F
265.69	25.00 	50	18.82 	163	162	67	175.95 	180.84 	166.29 	F
256	36.00 	60	23.44 	160	193	75	169.16 	167.03 	176.59 	F
265.69	30.25 	55	20.70 	163	178	55	153.25 	166.61 	187.97 	F
259.21	22.09 	47	18.13 	161	175	66	181.17 	173.28 	169.77 	F
256	22.09 	47	18.36 	160	167	47	141.39 	175.11 	192.56 	F
256	22.09 	47	18.36 	160	175	45	165.34 	169.58 	167.13 	F
256	23.04 	48	18.75 	160	176	80	154.05 	182.84 	173.71 	F
285.61	23.04 	48	16.81 	169	178	70	171.31 	170.67 	158.29 	F
256	22.09 	47	18.36 	160	173	57	167.36 	171.79 	165.46 	F
240.25	36.00 	60	24.97 	155	175	73	170.36 	172.84 	167.28 	F
256	36.00 	60	23.44 	160	168	68	163.44 	166.30 	169.63 	F
299.29	40.96 	64	21.38 	173	170	46	186.05 	174.46 	157.92 	F
256	44.89 	67	26.17 	160	162	60	172.69 	168.63 	157.99 	F
240.25	30.25 	55	22.89 	155	180	62	182.68 	172.78 	168.90 	F
256	25.00 	50	19.53 	160	162	69	174.11 	169.12 	164.45 	F
282.24	23.04 	48	17.01 	168	174	50	167.23 	172.52 	181.09 	F
256	20.25 	45	17.58 	160	175	75	175.79 	172.02 	168.14 	F
262.44	27.04 	52	19.81 	162	155	84	165.82 	177.25 	159.23 	F
246.49	29.16 	54	21.91 	157	170	52	169.19 	170.94 	160.01 	F
275.56	30.25 	55	19.96 	166	180	48	192.27 	170.33 	189.01 	F
262.44	18.49 	43	16.38 	162	172	60	168.55 	174.31 	184.58 	F
256	28.09 	53	20.70 	160	163	56	178.73 	170.36 	167.36 	F
265.69	23.04 	48	18.07 	163	175	90	184.79 	173.11 	170.06 	F
268.96	21.16 	46	17.10 	164	171	83	166.74 	168.02 	155.15 	F
262.44	19.36 	44	16.77 	162	172	55	167.12 	167.12 	166.55 	F
240.25	23.04 	48	19.98 	155	186	55	167.74 	174.20 	165.19 	F
299.29	29.16 	54	18.04 	173	170	60	196.25 	171.83 	177.75 	F
282.24	28.09 	53	18.78 	168	174	65	158.24 	182.14 	180.81 	F
265.69	32.49 	57	21.45 	163	190	70	158.21 	173.55 	165.52 	F
240.25	23.04 	48	19.98 	155	164	49	168.94 	165.38 	172.12 	F
240.25	16.00 	40	16.65 	155	161	85	175.25 	172.84 	184.08 	F
265.69	21.16 	46	17.31 	163	170	90	163.05 	170.77 	189.95 	F
240.25	16.81 	41	17.07 	155	175	75	171.90 	166.63 	156.89 	F
278.89	30.25 	55	19.72 	167	183	80	175.43 	171.13 	178.46 	F
268.96	30.25 	55	20.45 	164	172	62	172.76 	173.94 	163.09 	F
259.21	20.25 	45	17.36 	161	174	54	178.47 	179.20 	164.05 	F
256	36.00 	60	23.44 	160	172	77	171.82 	175.11 	174.13 	F
243.36	24.01 	49	20.13 	156	166	60	178.87 	168.59 	192.03 	F
265.69	25.00 	50	18.82 	163	176	58	168.90 	167.82 	164.93 	F
275.56	22.09 	47	17.06 	166	170	41	184.28 	175.11 	190.80 	F
282.24	32.49 	57	20.20 	168	177	66	186.30 	177.49 	165.02 	F
256	25.00 	50	19.53 	160	167	54	183.46 	172.22 	183.86 	F
265.69	22.56 	47.5	17.88 	163	180	58	165.28 	169.23 	174.98 	F
246.49	25.00 	50	20.28 	157	173	68	173.12 	165.73 	173.91 	F
265.69	26.01 	51	19.20 	163	167	63	162.03 	176.35 	183.30 	F
316.84	70.56 	84	26.51 	178	181.5	64	184.55 	170.40 	163.36 	M
299.29	44.89 	67	22.39 	173	173	67	171.15 	173.76 	164.22 	M
342.25	100.00 	100	29.22 	185	178	80	181.80 	163.85 	183.66 	M
272.25	42.25 	65	23.88 	165	170	65	178.84 	164.53 	172.86 	M
299.29	49.00 	70	23.39 	173	163	62	173.52 	167.34 	191.43 	M
316.84	38.44 	62	19.57 	178	173	80	161.91 	178.69 	165.64 	M
299.29	40.96 	64	21.38 	173	189	43	181.70 	175.07 	177.55 	M
306.25	39.06 	62.5	20.41 	175	172	70	173.23 	178.31 	186.26 	M
289	30.25 	55	19.03 	170	157	62	164.95 	173.45 	155.16 	M
289	26.01 	51	17.65 	170	178	65	161.26 	175.65 	188.54 	M
289	25.00 	50	17.30 	170	174	55	173.28 	176.18 	187.63 	M
289	33.64 	58	20.07 	170	172	65	160.19 	177.33 	168.04 	M
309.76	46.24 	68	21.95 	176	162	85	170.78 	171.16 	191.08 	M
316.84	64.00 	80	25.25 	178	169	60	172.35 	172.61 	186.79 	M
302.76	40.96 	64	21.14 	174	162	65	159.12 	172.94 	160.63 	M
306.25	36.00 	60	19.59 	175	174	72	172.34 	165.77 	184.30 	M
306.25	49.00 	70	22.86 	175	182	50	170.72 	177.77 	169.99 	M
316.84	39.69 	63	19.88 	178	169	53	172.23 	169.22 	156.54 	M
306.25	40.96 	64	20.90 	175	180	54	178.32 	173.94 	167.35 	M
306.25	67.24 	82	26.78 	175	165	65	174.38 	174.72 	192.52 	M
331.24	46.24 	68	20.53 	182	176	55	179.86 	173.03 	176.92 	M
285.61	33.64 	58	20.31 	169	175	65	168.34 	168.11 	180.14 	M
299.29	36.00 	60	20.05 	173	171	57	171.53 	166.89 	171.94 	M
289	38.44 	62	21.45 	170	156	52	176.28 	173.82 	155.72 	M
316.84	46.24 	68	21.46 	178	180	65	167.70 	176.53 	175.78 	M
316.84	72.25 	85	26.83 	178	170	78	165.66 	177.10 	186.14 	M
289	49.00 	70	24.22 	170	178	63	173.51 	166.90 	170.25 	M
299.29	42.25 	65	21.72 	173	174	64	159.72 	177.96 	190.22 	M
282.24	27.04 	52	18.42 	168	177	50	160.45 	169.94 	158.51 	M
282.24	59.29 	77	27.28 	168	165	55	166.26 	172.90 	173.97 	M
289	49.00 	70	24.22 	170	160	70	173.29 	166.80 	164.34 	M
306.25	40.96 	64	20.90 	175	170	52	167.41 	180.05 	172.08 	M
295.84	47.61 	69	23.32 	172	172	55	180.20 	164.09 	184.66 	M
306.25	49.00 	70	22.86 	175	168	48	179.40 	170.27 	155.29 	M
299.29	49.00 	70	23.39 	173	170	60	167.95 	170.23 	168.30 	M
324	64.00 	80	24.69 	180	178	50	174.43 	168.99 	166.90 	M
275.56	33.64 	58	21.05 	166	160	65	160.18 	165.47 	188.03 	M
299.29	36.00 	60	20.05 	173	173	75	177.02 	169.44 	174.65 	M
334.89	59.29 	77	22.99 	183	169	62	162.00 	176.17 	173.76 	M
302.76	42.25 	65	21.47 	174	173	64	171.21 	166.86 	191.99 	M
309.76	38.44 	62	20.02 	176	181	60	156.39 	169.84 	157.40 	M
345.96	56.25 	75	21.68 	186	171	60	170.96 	173.64 	164.02 	M
289	33.64 	58	20.07 	170	163	65	185.60 	173.27 	168.38 	M
289	42.25 	65	22.49 	170	178	60	172.70 	176.40 	169.01 	M
316.84	36.00 	60	18.94 	178	172	48	165.53 	177.90 	164.78 	M
282.24	56.25 	75	26.57 	168	168	64	157.05 	171.00 	155.69 	M
306.25	49.00 	70	22.86 	175	168	64	159.37 	174.91 	176.30 	M
292.41	42.25 	65	22.23 	171	175	85	163.72 	177.25 	161.55 	M
289	49.00 	70	24.22 	170	176	74	161.49 	171.62 	167.06 	M
289	42.25 	65	22.49 	170	176	60	172.13 	172.93 	157.76 	M
282.24	43.56 	66	23.38 	168	173	68	186.40 	175.89 	190.85 	M
306.25	46.24 	68	22.20 	175	176	50	179.18 	170.96 	166.00 	M
306.25	43.56 	66	21.55 	175	158	125	190.33 	170.71 	169.89 	M
324	42.25 	65	20.06 	180	173	56	189.95 	166.09 	168.51 	M
295.84	49.00 	70	23.66 	172	175	74	180.48 	177.30 	162.90 	M
324	43.56 	66	20.37 	180	175	55	173.42 	180.20 	169.79 	M
299.29	44.89 	67	22.39 	173	160	73	168.14 	171.38 	180.54 	M
292.41	42.25 	65	22.23 	171	175	65	168.51 	185.46 	190.84 	M
306.25	44.89 	67	21.88 	175	175	57	167.86 	173.82 	178.73 	M
302.76	38.44 	62	20.48 	174	171	50	186.19 	170.03 	167.80 	M
295.84	39.69 	63	21.30 	172	180	48	167.37 	171.45 	185.90 	M
316.84	90.25 	95	29.98 	178	180	53	180.04 	163.14 	157.70 	M
299.29	42.25 	65	21.72 	173	163	70	195.02 	170.11 	180.60 	M
272.25	38.44 	62	22.77 	165	170	77	185.77 	170.31 	169.73 	M
282.24	25.00 	50	17.72 	168	160	68	166.99 	176.68 	165.38 	M
302.76	43.56 	66	21.80 	174	162	100	167.59 	178.90 	172.21 	M
289	42.25 	65	22.49 	170	170	50	200.75 	171.41 	176.32 	M
282.24	49.00 	70	24.80 	168	181	50	163.99 	163.85 	182.10 	M
316.84	56.25 	75	23.67 	178	160	75	175.84 	173.26 	180.70 	M
327.61	33.64 	58	17.70 	181	160	88	171.22 	177.87 	163.45 	M
320.41	36.00 	60	18.73 	179	173	55	168.74 	177.61 	156.40 	M
309.76	50.41 	71	22.92 	176	155	65	177.45 	170.23 	185.77 	M
324	46.24 	68	20.99 	180	174	66	192.65 	160.36 	174.90 	M
309.76	42.25 	65	20.98 	176	178	85	164.94 	162.80 	165.65 	M
295.84	32.49 	57	19.27 	172	178	74	160.72 	168.45 	183.81 	M
306.25	36.00 	60	19.59 	175	155	82	157.40 	168.43 	191.43 	M
272.25	36.00 	60	22.04 	165	174	66	183.58 	175.26 	160.16 	M
316.84	43.56 	66	20.83 	178	178	90	167.19 	172.28 	155.31 	M
329.4225	68.89 	83	25.20 	181.5	166	70	184.50 	175.81 	166.24 	M
292.41	28.09 	53	18.13 	171	178	68	170.81 	173.13 	160.55 	M
295.84	39.69 	63	21.30 	172	164	56	182.43 	175.03 	164.32 	M
289	29.16 	54	18.69 	170	165	71	174.03 	169.20 	173.19 	M
272.25	28.09 	53	19.47 	165	178	47.5	183.31 	165.81 	191.18 	M
342.25	53.29 	73	21.33 	185	176	60	173.57 	168.17 	183.07 	M
313.29	36.00 	60	19.15 	177	165	65	186.54 	174.78 	176.53 	M
289	30.25 	55	19.03 	170	180	70	166.01 	174.05 	168.68 	M
309.76	47.61 	69	22.28 	176	173	47	178.81 	168.66 	169.51 	M
316.84	38.44 	62	19.57 	178	179	69	168.30 	165.46 	168.77 	M
331.24	39.69 	63	19.02 	182	178	71	168.40 	174.10 	159.89 	M
289	64.00 	80	27.68 	170	178	58	177.58 	165.76 	182.70 	M
324	100.00 	100	30.86 	180	178	51	176.95 	161.85 	170.82 	M
322.2025	56.25 	75	23.28 	179.5	180	62	167.77 	183.94 	155.72 	M
299.29	42.25 	65	21.72 	173	171	47	178.03 	181.73 	171.09 	M
316.84	53.29 	73	23.04 	178	178	58	167.43 	171.57 	189.47 	M
299.29	30.25 	55	18.38 	173	173	58	164.02 	169.91 	170.77 	M
324	50.41 	71	21.91 	180	163	64	165.54 	175.17 	181.30 	M
292.41	40.96 	64	21.89 	171	177	73	182.88 	172.57 	183.97 	M
316.84	47.61 	69	21.78 	178	174	63	168.58 	167.89 	169.26 	M
338.56	40.96 	64	18.90 	184	180	65	145.60 	160.27 	184.30 	M
324	64.00 	80	24.69 	180	161	73	155.33 	171.95 	173.70 	M
309.76	49.00 	70	22.60 	176	175	47	183.97 	173.28 	184.21 	M
285.61	42.25 	65	22.76 	169	172	66	166.40 	167.81 	165.36 	M
289	36.00 	60	20.76 	170	176	85	178.76 	177.36 	164.78 	M
309.76	51.84 	72	23.24 	176	173	65	182.41 	180.43 	171.84 	M
349.69	60.84 	78	22.31 	187	168	63	178.31 	169.78 	179.31 	M
309.76	56.25 	75	24.21 	176	164	80	167.72 	164.63 	172.00 	M
342.25	42.25 	65	18.99 	185	174	55	164.36 	173.43 	174.61 	M
316.84	56.25 	75	23.67 	178	168	56	165.08 	174.53 	187.89 	M
295.84	37.21 	61	20.62 	172	167	57	181.81 	163.18 	182.50 	M
324	72.25 	85	26.23 	180	171	66	168.92 	167.87 	170.41 	M
345.96	77.44 	88	25.44 	186	174	58	170.40 	173.54 	192.51 	M
278.89	25.00 	50	17.93 	167	176	52	175.11 	168.44 	190.66 	M
302.76	56.25 	75	24.77 	174	176	60	179.58 	176.15 	169.02 	M
289	36.00 	60	20.76 	170	160	70	175.20 	179.41 	177.83 	M
334.89	64.00 	80	23.89 	183	174	62	178.60 	180.33 	179.46 	M
299.29	42.25 	65	21.72 	173	170	60	184.22 	172.64 	178.35 	M
324	30.25 	55	16.98 	180	170	75	177.49 	168.51 	180.29 	M
334.89	42.25 	65	19.41 	183	165	49	174.47 	180.60 	170.32 	M
316.84	64.00 	80	25.25 	178	177	75	176.08 	162.75 	177.78 	M
316.84	42.25 	65	20.52 	178	178	48	183.66 	168.14 	165.87 	M
282.24	40.96 	64	22.68 	168	173	53	165.88 	169.19 	191.40 	M
292.41	46.24 	68	23.26 	171	160	51	154.47 	175.94 	158.81 	M
289	36.00 	60	20.76 	170	157	76	166.54 	168.04 	168.63 	M
299.29	36.00 	60	20.05 	173	175	65	179.01 	183.82 	160.24 	M
299.29	36.00 	60	20.05 	173	173	45	190.85 	165.01 	170.67 	M
299.29	49.00 	70	23.39 	173	178	58	173.89 	166.44 	182.69 	M
306.25	36.00 	60	19.59 	175	175	75	172.07 	165.06 	179.65 	M
327.61	49.00 	70	21.37 	181	170	65	170.43 	170.92 	175.93 	M
324	44.89 	67	20.68 	180	165	47	171.43 	178.53 	178.58 	M
306.25	42.25 	65	21.22 	175	169	55	162.11 	176.39 	183.11 	M
316.84	53.29 	73	23.04 	178	178	60	166.65 	168.25 	178.44 	M
361	72.25 	85	23.55 	190	172	63	175.68 	176.12 	158.61 	M
316.84	54.76 	74	23.36 	178	164	51	184.03 	170.34 	180.34 	M
282.24	39.69 	63	22.32 	168	170	55	179.84 	170.43 	155.70 	M
295.84	39.69 	63	21.30 	172	187	47	154.81 	163.70 	178.67 	M
327.61	44.89 	67	20.45 	181	160	80	192.36 	162.86 	177.57 	M
342.25	57.76 	76	22.21 	185	169	73	185.80 	168.68 	184.82 	M
345.96	54.76 	74	21.39 	186	174	65	173.51 	175.41 	183.52 	M
285.61	36.00 	60	21.01 	169	163	70	160.67 	169.04 	192.04 	M
316.84	81.00 	90	28.41 	178	170	63	173.17 	184.11 	173.95 	M
316.84	49.00 	70	22.09 	178	173	70	174.11 	173.08 	174.51 	M
309.76	33.64 	58	18.72 	176	168	72	159.21 	169.64 	182.68 	M
302.76	46.24 	68	22.46 	174	158	53	176.22 	169.95 	170.41 	M
316.84	36.00 	60	18.94 	178	184	74	150.01 	179.91 	174.36 	M
309.76	51.84 	72	23.24 	176	178	70	165.92 	178.13 	183.28 	M
324	42.25 	65	20.06 	180	163	50	175.84 	180.86 	160.76 	M
306.25	42.25 	65	21.22 	175	178	65	170.14 	176.64 	160.18 	M
331.24	36.00 	60	18.11 	182	179	68	177.21 	179.96 	176.33 	M
295.84	42.25 	65	21.97 	172	163	65	163.91 	180.26 	192.26 	M
289	42.25 	65	22.49 	170	185	75	178.61 	178.41 	164.35 	M
282.24	28.09 	53	18.78 	168	175	60	166.93 	172.93 	181.84 	M
302.76	42.25 	65	21.47 	174	155	46	181.65 	163.78 	158.56 	M
316.84	46.24 	68	21.46 	178	172	47	177.35 	173.37 	182.62 	M
313.29	46.24 	68	21.71 	177	160	78	171.63 	172.10 	189.14 	M
302.76	38.44 	62	20.48 	174	175	65	172.13 	183.43 	165.30 	M
306.25	42.25 	65	21.22 	175	160	50	148.55 	175.08 	158.38 	M
295.84	67.24 	82	27.72 	172	173	55	161.56 	174.28 	178.97 	M
372.49	81.00 	90	24.16 	193	186	75	166.43 	171.54 	176.02 	M
302.76	60.84 	78	25.76 	174	171	56.5	178.85 	180.68 	181.49 	M
316.84	42.25 	65	20.52 	178	186	60	173.89 	171.01 	168.69 	M
302.76	30.25 	55	18.17 	174	175	70	182.60 	168.99 	179.88 	M
320.41	49.00 	70	21.85 	179	180	63	192.86 	165.97 	159.68 	M
357.21	60.84 	78	21.84 	189	163	68	175.92 	168.64 	161.78 	M
309.76	38.44 	62	20.02 	176	170	60	171.30 	167.49 	188.47 	M
295.84	67.24 	82	27.72 	172	183	53	182.40 	172.52 	158.53 	M
302.76	72.25 	85	28.08 	174	168	100	187.94 	174.22 	161.16 	M
292.41	30.25 	55	18.81 	171	176	60	159.82 	166.05 	181.01 	M
316.84	43.56 	66	20.83 	178	180	55	148.52 	170.65 	171.84 	M
313.29	42.25 	65	20.75 	177	170	70	164.22 	171.74 	172.80 	M
302.76	49.00 	70	23.12 	174	168	68	163.37 	174.65 	173.82 	M
345.96	51.84 	72	20.81 	186	177	60	169.76 	170.67 	173.23 	M
295.84	25.00 	50	16.90 	172	182	95	172.24 	168.34 	165.11 	M
306.25	36.00 	60	19.59 	175	182	60	164.91 	170.83 	172.85 	M
306.25	56.25 	75	24.49 	175	173	65	172.53 	171.64 	188.01 	M
313.29	49.00 	70	22.34 	177	162	75	164.03 	172.41 	175.66 	M
289	56.25 	75	25.95 	170	175	55	147.17 	169.88 	185.52 	M
306.25	36.00 	60	19.59 	175	155	70	176.38 	164.65 	155.92 	M
299.29	56.25 	75	25.06 	173	178	60	171.95 	164.21 	185.17 	M
320.41	72.25 	85	26.53 	179	160	50	157.15 	176.48 	160.49 	M
299.29	100.00 	100	33.41 	173	183	68	168.01 	166.34 	167.75 	M
289	59.29 	77	26.64 	170	156	58	169.23 	177.75 	191.41 	M
289	30.25 	55	19.03 	170	176	59.5	177.01 	179.03 	171.64 	M
302.76	46.24 	68	22.46 	174	178	65	181.16 	176.73 	165.13 	M
299.29	156.25 	125	41.77 	173	158	48	170.28 	172.32 	178.38 	M
316.84	39.69 	63	19.88 	178	171	60	167.26 	173.74 	186.36 	M
292.41	30.25 	55	18.81 	171	186	55	184.47 	166.41 	176.74 	M
272.25	30.25 	55	20.20 	165	161	60	163.76 	180.27 	167.89 	M
357.21	54.76 	74	20.72 	189	170	80	183.01 	168.18 	180.43 	M
299.29	42.25 	65	21.72 	173	175	67.5	197.89 	169.29 	183.74 	M
278.89	38.44 	62	22.23 	167	160	72	169.30 	162.26 	180.27 	M
285.61	27.04 	52	18.21 	169	181	62	178.51 	173.12 	183.52 	M
289	36.00 	60	20.76 	170	161	50	179.10 	179.93 	164.22 	M
309.76	51.84 	72	23.24 	176	165	65	163.67 	159.48 	155.83 	M
309.76	42.25 	65	20.98 	176	172	78	169.54 	173.75 	172.40 	M
306.25	43.56 	66	21.55 	175	178	60	179.62 	165.97 	176.91 	M
302.76	29.16 	54	17.84 	174	165	62	181.59 	167.70 	163.50 	M
299.29	42.25 	65	21.72 	173	168	67	179.00 	176.29 	183.84 	M
299.29	39.69 	63	21.05 	173	166	47	170.30 	168.93 	170.63 	M
316.84	42.25 	65	20.52 	178	177	82	175.99 	167.58 	188.85 	M
320.41	44.89 	67	20.91 	179	160	44	161.85 	171.44 	162.04 	M
331.24	42.25 	65	19.62 	182	173	56	161.36 	174.73 	171.61 	M
272.25	42.25 	65	23.88 	165	176	55	186.19 	177.32 	156.93 	M
345.96	60.84 	78	22.55 	186	177	62	183.22 	173.30 	189.43 	M
262.44	25.00 	50	19.05 	162	173	60	182.18 	171.16 	158.31 	M
265.69	30.25 	55	20.70 	163	173	82	172.90 	173.89 	163.24 	M
345.96	56.25 	75	21.68 	186	178	65	181.45 	167.91 	166.08 	M
316.84	81.00 	90	28.41 	178	182	65	176.74 	180.20 	172.75 	M
324	45.56 	67.5	20.83 	180	185	78	156.92 	173.94 	178.42 	M
289	42.25 	65	22.49 	170	174	52	179.74 	169.19 	159.12 	M
302.76	64.00 	80	26.42 	174	173	46	177.53 	175.00 	168.47 	M
299.29	70.56 	84	28.07 	173	168	70	165.51 	177.33 	175.30 	M
302.76	43.56 	66	21.80 	174	178	54	155.78 	176.06 	160.73 	M
313.29	35.40 	59.5	18.99 	177	158	80	171.51 	170.85 	169.60 	M
265.69	27.04 	52	19.57 	163	173	67	173.37 	171.45 	177.10 	M
313.29	40.96 	64	20.43 	177	179	55	186.67 	163.26 	190.03 	M
306.25	49.00 	70	22.86 	175	160	53	174.84 	167.31 	166.37 	M
285.61	31.36 	56	19.61 	169	172	45	168.24 	165.69 	179.51 	M
316.84	36.00 	60	18.94 	178	170	60	178.44 	168.64 	177.98 	M
299.29	30.25 	55	18.38 	173	179.5	65	168.88 	168.42 	165.80 	M
334.89	53.29 	73	21.80 	183	177	69	155.65 	171.68 	164.62 	M
289	38.44 	62	21.45 	170	175	40	173.25 	175.96 	158.83 	M
285.61	53.29 	73	25.56 	169	173	84	173.33 	177.46 	183.31 	M
334.89	36.00 	60	17.92 	183	173	72	175.03 	175.52 	188.94 	M
262.44	31.92 	56.5	21.53 	162	179	55	184.41 	169.75 	163.86 	M
316.84	46.24 	68	21.46 	178	182	65	183.48 	171.45 	191.36 	M
316.84	42.25 	65	20.52 	178	185	70	165.97 	171.01 	170.73 	M
282.24	31.36 	56	19.84 	168	160	63	177.02 	169.53 	177.45 	M
299.29	31.36 	56	18.71 	173	163	64	174.49 	170.06 	164.68 	M
320.41	39.69 	63	19.66 	179	169	65	164.51 	180.06 	157.59 	M
320.41	64.00 	80	24.97 	179	168	66	187.60 	175.50 	180.91 	M
289	56.25 	75	25.95 	170	180	67	155.04 	172.94 	166.91 	M
295.84	47.61 	69	23.32 	172	175	70	177.57 	171.56 	171.93 	M
306.25	49.00 	70	22.86 	175	179	60	169.71 	172.53 	157.37 	M
316.84	42.25 	65	20.52 	178	166	60	180.91 	172.10 	169.85 	M
320.41	54.76 	74	23.10 	179	178	65	169.27 	164.09 	167.30 	M
292.41	56.25 	75	25.65 	171	170	48	168.66 	169.82 	189.95 	M
324	36.00 	60	18.52 	180	178	75	155.91 	173.22 	176.61 	M
306.25	36.00 	60	19.59 	175	175	63	149.41 	176.43 	170.39 	M
289	33.64 	58	20.07 	170	183	60	174.21 	174.09 	161.07 	M
342.25	46.92 	68.5	20.01 	185	175	70	168.53 	164.81 	162.64 	M
306.25	40.96 	64	20.90 	175	178	50	166.24 	171.39 	179.19 	M
299.29	36.00 	60	20.05 	173	172	70	173.65 	173.22 	190.00 	M
295.84	49.00 	70	23.66 	172	160	75	169.78 	172.33 	166.88 	M
313.29	42.25 	65	20.75 	177	179	53	163.64 	169.84 	191.43 	M
331.24	51.84 	72	21.74 	182	178	64	168.03 	174.93 	167.75 	M
295.84	49.00 	70	23.66 	172	189	62.5	178.49 	166.30 	183.83 	M
313.29	33.64 	58	18.51 	177	158	100	159.63 	170.49 	174.58 	M
306.25	36.00 	60	19.59 	175	168	68	166.89 	176.94 	177.86 	M
306.25	46.24 	68	22.20 	175	186	60	178.36 	167.77 	164.01 	M
299.29	39.69 	63	21.05 	173	170	65	167.78 	166.71 	178.37 	M