243.36	34.81 	59	24.24 	156	177	65	166.51 	162.67 	202.67 	F
240.25	16.81 	41	17.07 	155	170	51	162.71 	165.05 	160.38 	F
249.64	17.64 	42	16.82 	158	176	60	160.30 	161.27 	168.75 	F
265.69	30.25 	55	20.70 	163	172	64	184.24 	169.06 	173.31 	F
252.81	21.16 	46	18.20 	159	160	72	182.67 	174.44 	153.37 	F
289	25.00 	50	17.30 	170	167	70	198.68 	170.79 	176.13 	F
295.84	24.01 	49	16.56 	172	180	68	175.48 	168.16 	184.83 	F
278.89	26.01 	51	18.29 	167	155	65	170.13 	167.75 	154.12 	F
249.64	19.36 	44	17.63 	158	171	60	162.38 	167.69 	198.73 	F
289	28.09 	53	18.34 	170	166	51	170.74 	165.71 	172.34 	F
285.61	39.69 	63	22.06 	169	158	50	183.80 	161.80 	194.40 	F
272.25	40.32 	63.5	23.32 	165	200	61	183.14 	167.96 	174.78 	F
272.25	24.01 	49	18.00 	165	166	52	171.74 	171.28 	159.94 	F
282.24	26.01 	51	18.07 	168	166	50	158.66 	168.01 	159.04 	F
240.25	25.00 	50	20.81 	155	168	60	173.96 	174.45 	187.03 	F
285.61	25.00 	50	17.51 	169	178	65	157.02 	176.77 	166.54 	F
256	21.16 	46	17.97 	160	180	55	146.76 	166.58 	155.20 	F
265.69	24.01 	49	18.44 	163	165	51	176.89 	167.72 	186.91 	F
272.25	19.36 	44	16.16 	165	160	58	173.23 	172.48 	171.18 	F
275.56	30.25 	55	19.96 	166	162	75	161.13 	176.92 	204.48 	F
265.69	18.49 	43	16.18 	163	177	61	190.24 	169.96 	190.74 	F
282.24	27.04 	52	18.42 	168	168	53	162.34 	163.91 	148.22 	F
252.81	25.00 	50	19.78 	159	175	62	166.79 	167.52 	162.86 	F
262.44	29.16 	54	20.58 	162	161	52.5	156.54 	170.85 	166.83 	F
278.89	27.04 	52	18.65 	167	167	67	179.26 	168.01 	178.10 	F
240.25	21.16 	46	19.15 	155	178	45	165.11 	168.48 	182.38 	F
275.56	29.16 	54	19.60 	166	165	51	164.62 	176.10 	171.55 	F
249.64	28.09 	53	21.23 	158	177	49	161.70 	172.75 	182.68 	F
265.69	33.64 	58	21.83 	163	160	66	167.94 	170.03 	161.61 	F
275.56	25.00 	50	18.14 	166	175	63	167.47 	173.09 	171.74 	F
272.25	23.04 	48	17.63 	165	175	50	180.16 	167.90 	183.67 	F
278.89	25.00 	50	17.93 	167	167	71	158.15 	172.17 	157.02 	F
306.25	30.25 	55	17.96 	175	160	59	178.78 	167.73 	170.54 	F
240.25	25.00 	50	20.81 	155	172	42	171.57 	169.11 	167.30 	F
256	23.04 	48	18.75 	160	165	52	171.73 	164.64 	159.42 	F
320.41	33.64 	58	18.10 	179	160	60	180.29 	167.21 	188.00 	F
285.61	31.36 	56	19.61 	169	178	55	176.15 	171.87 	168.44 	F
282.24	30.25 	55	19.49 	168	172	62	172.71 	173.28 	175.43 	F
256	25.00 	50	19.53 	160	178	50	168.50 	177.21 	161.40 	F
272.25	33.64 	58	21.30 	165	158	68	166.02 	167.08 	196.25 	F
265.69	25.00 	50	18.82 	163	166	44	196.40 	170.60 	156.06 	F
265.69	22.09 	47	17.69 	163	160	50	178.76 	162.35 	197.06 	F
259.21	25.00 	50	19.29 	161	162	50	173.23 	175.08 	176.00 	F
259.21	29.16 	54	20.83 	161	175	60	162.09 	176.58 	174.42 	F
268.96	30.25 	55	20.45 	164	165	50	181.65 	168.84 	203.27 	F
246.49	25.00 	50	20.28 	157	173	53	176.69 	175.06 	181.95 	F
268.96	26.01 	51	18.96 	164	168	65	159.62 	164.23 	201.90 	F
272.25	28.09 	53	19.47 	165	161	50	143.20 	174.73 	160.88 	F
278.89	25.00 	50	17.93 	167	183	55	157.80 	170.62 	202.70 	F
259.21	25.00 	50	19.29 	161	185	65	172.91 	171.58 	202.68 	F
256	24.01 	49	19.14 	160	155	65	171.53 	166.18 	169.10 	F
295.84	28.09 	53	17.92 	172	181	68	165.53 	171.00 	151.66 	F
249.64	25.00 	50	20.03 	158	180	52	179.87 	158.49 	187.99 	F
302.76	37.21 	61	20.15 	174	163	64	170.60 	170.05 	191.81 	F
259.21	20.25 	45	17.36 	161	176	55	169.80 	161.32 	164.35 	F
249.64	25.00 	50	20.03 	158	168	65	171.89 	176.99 	186.51 	F
256	24.01 	49	19.14 	160	175	70	177.18 	178.64 	176.33 	F
278.89	29.16 	54	19.36 	167	165	60	162.61 	169.34 	169.73 	F
289	29.16 	54	18.69 	170	170	63	174.64 	172.74 	184.51 	F
252.81	22.56 	47.5	18.79 	159	174	78	174.11 	158.48 	188.70 	F
282.24	33.64 	58	20.55 	168	156	57	159.76 	175.63 	157.65 	F
259.21	22.56 	47.5	18.32 	161	160	62	178.80 	168.63 	193.52 	F
282.24	28.09 	53	18.78 	168	168	43	176.79 	162.84 	198.54 	F
275.56	28.09 	53	19.23 	166	174	56	160.33 	167.22 	185.65 	F
262.44	30.25 	55	20.96 	162	170	50	179.67 	177.12 	189.79 	F
256	25.00 	50	19.53 	160	170	62.5	151.55 	175.19 	180.34 	F
272.25	25.00 	50	18.37 	165	160	65	179.83 	170.45 	183.19 	F
292.41	34.81 	59	20.18 	171	180	78	174.16 	176.63 	203.38 	F
282.24	23.04 	48	17.01 	168	174	69	179.56 	178.93 	203.72 	F
302.76	27.04 	52	17.18 	174	166	75	170.51 	164.31 	179.47 	F
278.89	20.25 	45	16.14 	167	185	70	158.95 	167.22 	172.68 	F
265.69	28.09 	53	19.95 	163	163	46	167.93 	171.48 	186.09 	F
256	23.04 	48	18.75 	160	169	72	175.58 	174.53 	199.30 	F
282.24	21.16 	46	16.30 	168	178	75	166.82 	178.38 	174.86 	F
278.89	25.00 	50	17.93 	167	176	48	164.85 	155.03 	186.34 	F
295.84	26.01 	51	17.24 	172	164	60	159.95 	166.82 	178.39 	F
256	22.09 	47	18.36 	160	175	56	189.19 	161.85 	201.06 	F
249.64	24.01 	49	19.63 	158	162	76	175.85 	173.19 	152.54 	F
272.25	29.16 	54	19.83 	165	180	50	145.38 	174.81 	193.83 	F
249.64	44.89 	67	26.84 	158	176	52	171.21 	161.70 	171.59 	F
275.56	25.00 	50	18.14 	166	161	54	165.36 	171.59 	153.12 	F
289	33.64 	58	20.07 	170	163	49	161.37 	164.68 	164.89 	F
278.89	22.09 	47	16.85 	167	180	55	161.31 	173.01 	171.20 	F
289	27.04 	52	17.99 	170	171	55	173.33 	177.53 	197.08 	F
272.25	25.00 	50	18.37 	165	178	65	174.04 	168.17 	197.02 	F
265.69	23.04 	48	18.07 	163	176	48	166.31 	174.27 	170.04 	F
262.44	19.36 	44	16.77 	162	172	58	163.95 	174.58 	161.42 	F
256	17.64 	42	16.41 	160	178	50	164.93 	177.45 	200.80 	F
262.44	27.04 	52	19.81 	162	184	68	163.12 	174.33 	197.69 	F
265.69	24.01 	49	18.44 	163	158	58	157.07 	174.08 	204.78 	F
240.25	18.49 	43	17.90 	155	157	85	168.10 	178.83 	161.42 	F
262.44	21.16 	46	17.53 	162	170	55	169.69 	174.33 	153.79 	F
268.96	27.04 	52	19.33 	164	184	70	163.04 	178.21 	148.19 	F
295.84	28.09 	53	17.92 	172	155	65	165.65 	165.07 	189.04 	F
265.69	26.01 	51	19.20 	163	156	75	171.89 	165.96 	186.05 	F
275.56	30.25 	55	19.96 	166	176	49	168.48 	169.96 	166.15 	F
262.44	19.36 	44	16.77 	162	165	67	174.89 	173.13 	192.92 	F
262.44	27.04 	52	19.81 	162	162	68	170.85 	170.83 	184.24 	F
272.25	42.25 	65	23.88 	165	160	70	186.85 	172.62 	152.63 	F
240.25	22.09 	47	19.56 	155	166	58	153.20 	169.01 	189.80 	F
282.24	24.01 	49	17.36 	168	178	70	174.32 	167.42 	150.04 	F
275.56	25.00 	50	18.14 	166	172	78	178.90 	164.72 	177.92 	F
272.25	31.36 	56	20.57 	165	175	60	167.40 	167.23 	167.04 	F
282.24	28.09 	53	18.78 	168	164	72	177.45 	164.80 	191.25 	F
225	23.04 	48	21.33 	150	175	98	142.39 	161.84 	163.32 	F
265.69	24.01 	49	18.44 	163	160	50	170.05 	166.39 	159.40 	F
252.81	28.09 	53	20.96 	159	160	66	163.73 	173.73 	152.84 	F
265.69	17.64 	42	15.81 	163	173	62	169.48 	164.31 	160.24 	F
275.56	20.25 	45	16.33 	166	188	75	162.54 	172.70 	182.81 	F
256	34.81 	59	23.05 	160	180	58	167.29 	170.31 	192.13 	F
282.24	39.06 	62.5	22.14 	168	160	62	176.61 	168.74 	183.38 	F
265.69	30.25 	55	20.70 	163	177	60	175.97 	174.85 	166.61 	F
262.44	24.01 	49	18.67 	162	173	60	175.41 	170.55 	197.73 	F
285.61	22.09 	47	16.46 	169	167	60	162.14 	173.57 	172.27 	F
275.56	23.04 	48	17.42 	166	178	60	185.92 	165.20 	194.28 	F
252.81	25.00 	50	19.78 	159	186	62	169.55 	173.00 	162.97 	F
243.36	23.04 	48	19.72 	156	165	49	177.58 	176.54 	197.92 	F
278.89	25.00 	50	17.93 	167	170	50	156.97 	175.09 	177.42 	F
240.25	19.36 	44	18.31 	155	182	65	183.51 	180.05 	182.43 	F
265.69	30.25 	55	20.70 	163	173	53	170.02 	171.10 	196.73 	F
324	49.00 	70	21.60 	180	166	70	186.98 	163.82 	160.70 	F
299.29	40.96 	64	21.38 	173	165	55	173.37 	167.93 	193.36 	F
275.56	25.00 	50	18.14 	166	166	61	172.48 	177.64 	173.67 	F
265.69	38.44 	62	23.34 	163	182	47.5	169.29 	177.38 	185.77 	F
268.96	24.01 	49	18.22 	164	177	70	167.70 	172.20 	202.31 	F
268.96	32.49 	57	21.19 	164	172	75	164.99 	174.82 	173.90 	F
249.64	25.00 	50	20.03 	158	165	66	163.86 	168.10 	161.45 	F
272.25	29.16 	54	19.83 	165	162	50	159.20 	162.19 	154.92 	F
285.61	27.04 	52	18.21 	169	157	74	161.17 	174.60 	168.60 	F
275.56	30.25 	55	19.96 	166	179	79	167.88 	172.32 	195.60 	F
265.69	31.36 	56	21.08 	163	170	64	164.21 	174.59 	182.00 	F
299.29	33.64 	58	19.38 	173	163	50	163.44 	170.51 	173.54 	F
268.96	28.09 	53	19.71 	164	165	62	169.92 	166.75 	181.56 	F
265.69	24.01 	49	18.44 	163	165	59	168.25 	163.33 	191.94 	F
262.44	24.01 	49	18.67 	162	175	57	182.31 	176.52 	201.21 	F
282.24	28.09 	53	18.78 	168	160	54	147.59 	170.80 	164.67 	F
272.25	29.16 	54	19.83 	165	182	55	176.44 	170.56 	170.70 	F
249.64	20.25 	45	18.03 	158	168	62	164.71 	166.63 	153.96 	F
262.44	37.21 	61	23.24 	162	185	55	166.28 	164.75 	178.27 	F
249.64	30.25 	55	22.03 	158	170	65	172.69 	175.81 	179.85 	F
249.64	28.09 	53	21.23 	158	162	45	172.10 	167.95 	177.30 	F
313.29	37.21 	61	19.47 	177	158	65	178.28 	173.94 	174.08 	F
256	21.16 	46	17.97 	160	170	60	181.10 	171.12 	165.54 	F
256	25.00 	50	19.53 	160	163	75	159.17 	176.60 	199.12 	F
262.44	29.16 	54	20.58 	162	171	64	190.20 	177.38 	176.15 	F
256	23.04 	48	18.75 	160	160	57	174.28 	163.59 	174.09 	F
278.89	25.00 	50	17.93 	167	178	77	164.84 	165.71 	191.58 	F
259.21	25.00 	50	19.29 	161	162	79	164.57 	169.52 	148.69 	F
256	24.01 	49	19.14 	160	157	51.5	202.31 	169.29 	200.74 	F
249.64	24.01 	49	19.63 	158	165	65	171.75 	171.57 	156.22 	F
256	26.01 	51	19.92 	160	171	40	173.53 	166.67 	166.98 	F
256	26.01 	51	19.92 	160	168	61	157.07 	165.58 	182.15 	F
295.84	30.25 	55	18.59 	172	163	42	173.45 	169.50 	201.67 	F
262.44	23.04 	48	18.29 	162	187	73	187.66 	169.76 	197.96 	F
282.24	24.01 	49	17.36 	168	170	63	173.50 	174.06 	196.48 	F
256	24.01 	49	19.14 	160	176	44	162.62 	174.71 	151.70 	F
282.24	20.25 	45	15.94 	168	184	72	183.96 	174.88 	201.75 	F
265.69	18.49 	43	16.18 	163	170	50	160.79 	162.04 	150.97 	F
246.49	25.00 	50	20.28 	157	165	85	155.60 	175.56 	167.97 	F
268.96	26.01 	51	18.96 	164	165	55	168.53 	169.42 	186.29 	F
259.21	20.25 	45	17.36 	161	161	67	183.36 	171.09 	159.20 	F
249.64	25.00 	50	20.03 	158	158	45	164.70 	165.90 	163.80 	F
302.76	37.21 	61	20.15 	174	170	65	172.48 	172.19 	192.78 	F
249.64	21.16 	46	18.43 	158	173	44	175.54 	172.60 	160.17 	F
289	28.09 	53	18.34 	170	178	53	163.44 	175.08 	174.65 	F
256	25.00 	50	19.53 	160	170	53	160.39 	165.62 	176.10 	F
265.69	24.01 	49	18.44 	163	163	55	168.76 	173.27 	171.98 	F
285.61	26.01 	51	17.86 	169	163	55	164.10 	162.62 	172.90 	F
278.89	25.00 	50	17.93 	167	178	55	173.09 	172.41 	188.82 	F
278.89	30.25 	55	19.72 	167	163	54	169.37 	169.03 	177.50 	F
272.25	26.01 	51	18.73 	165	163	53	180.96 	165.78 	168.44 	F
275.56	22.09 	47	17.06 	166	180	67	183.69 	168.67 	199.30 	F
256	21.16 	46	17.97 	160	179	75	168.29 	166.21 	194.84 	F
282.24	31.36 	56	19.84 	168	172	55	171.43 	168.00 	194.01 	F
243.36	18.49 	43	17.67 	156	175	70	156.69 	178.03 	189.26 	F
256	27.04 	52	20.31 	160	167	85	172.04 	167.42 	194.77 	F
246.49	27.04 	52	21.10 	157	180	52	182.33 	167.53 	189.72 	F
265.69	26.01 	51	19.20 	163	177	47	181.10 	175.50 	164.32 	F
309.76	37.21 	61	19.69 	176	163	72	170.23 	181.33 	187.79 	F
259.21	28.09 	53	20.45 	161	157	65	149.40 	171.18 	199.83 	F
256	26.01 	51	19.92 	160	179	63	154.33 	175.41 	186.56 	F
268.96	29.16 	54	20.08 	164	155	85	168.51 	168.51 	181.37 	F
256	33.64 	58	22.66 	160	159	46	175.35 	156.48 	195.99 	F
278.89	30.25 	55	19.72 	167	158	76	182.20 	173.46 	196.47 	F
349.69	46.24 	68	19.45 	187	168	77	169.29 	183.53 	190.83 	F
324	38.44 	62	19.14 	180	173	60	168.40 	165.68 	166.48 	F
306.25	36.00 	60	19.59 	175	205	53	160.86 	164.52 	181.13 	F
275.56	33.64 	58	21.05 	166	181	68	169.48 	173.86 	162.32 	F
252.81	20.25 	45	17.80 	159	184	62	159.52 	165.57 	150.26 	F
265.69	24.01 	49	18.44 	163	181	49	163.31 	173.57 	164.56 	F
302.76	38.44 	62	20.48 	174	155	63	161.58 	168.56 	165.18 	F
282.24	28.09 	53	18.78 	168	163	60	183.27 	178.05 	158.47 	F
282.24	38.44 	62	21.97 	168	185	51	151.99 	170.88 	179.05 	F
256	33.64 	58	22.66 	160	179	55	191.82 	164.53 	183.52 	F
292.41	26.01 	51	17.44 	171	176	49	192.73 	174.14 	170.70 	F
282.24	23.04 	48	17.01 	168	180	51	168.78 	176.41 	168.02 	F
246.49	25.00 	50	20.28 	157	157	80	168.41 	172.77 	188.15 	F
265.69	21.16 	46	17.31 	163	161	52	161.75 	175.66 	192.38 	F
272.25	23.04 	48	17.63 	165	169	51	184.52 	172.83 	201.29 	F
272.25	28.09 	53	19.47 	165	171	55	177.54 	169.18 	184.99 	F
268.96	21.16 	46	17.10 	164	172	50	185.98 	171.87 	162.85 	F
272.25	33.64 	58	21.30 	165	169	53	150.56 	173.14 	168.25 	F
282.24	56.25 	75	26.57 	168	178	46	153.68 	164.74 	201.96 	F
265.69	26.01 	51	19.20 	163	176	85	178.56 	169.18 	161.93 	F
292.41	31.36 	56	19.15 	171	155	66	161.94 	165.50 	195.38 	F
265.69	23.04 	48	18.07 	163	169	60	171.27 	167.30 	153.91 	F
256	22.09 	47	18.36 	160	176	56	182.19 	178.11 	193.42 	F
256	22.09 	47	18.36 	160	160	49	180.26 	175.90 	197.13 	F
249.64	18.49 	43	17.22 	158	180	62.5	169.95 	171.12 	195.46 	F
299.29	43.56 	66	22.05 	173	180	62	185.02 	171.51 	172.10 	F
272.25	21.62 	46.5	17.08 	165	176	54	169.10 	163.93 	200.82 	F
272.25	25.00 	50	18.37 	165	159	53	174.78 	174.66 	178.03 	F
249.64	21.62 	46.5	18.63 	158	165	72	167.66 	171.75 	173.92 	F
265.69	30.25 	55	20.70 	163	155	70	174.88 	169.14 	150.62 	F
282.24	30.25 	55	19.49 	168	168	62.5	155.82 	171.42 	163.03 	F
243.36	20.25 	45	18.49 	156	169	68	182.51 	174.68 	180.14 	F
252.81	20.25 	45	17.80 	159	156	58	161.43 	163.16 	200.34 	F
243.36	19.36 	44	18.08 	156	179	56	167.26 	167.16 	190.91 	F
268.96	50.41 	71	26.40 	164	163	98	173.26 	175.90 	162.77 	F
240.25	20.25 	45	18.73 	155	157	55	173.09 	168.89 	173.03 	F
256	18.06 	42.5	16.60 	160	168	60	176.43 	177.81 	155.42 	F
272.25	26.52 	51.5	18.92 	165	175	45	173.97 	167.93 	180.23 	F
289	29.16 	54	18.69 	170	167	58	169.91 	172.49 	193.97 	F
278.89	25.00 	50	17.93 	167	178	40	165.01 	174.33 	199.74 	F
265.69	25.50 	50.5	19.01 	163	160	66	170.97 	168.73 	198.49 	F
265.69	27.56 	52.5	19.76 	163	172	56	167.35 	162.10 	179.93 	F
252.81	22.56 	47.5	18.79 	159	168	53	157.50 	173.52 	193.65 	F
334.89	46.24 	68	20.31 	183	155	75	174.64 	171.44 	194.11 	F
278.89	42.25 	65	23.31 	167	176	78.5	177.61 	165.25 	188.76 	F
295.84	32.49 	57	19.27 	172	174	70	170.43 	167.44 	152.71 	F
289	32.49 	57	19.72 	170	173	48	165.03 	168.63 	183.69 	F
282.24	25.00 	50	17.72 	168	166	58	171.18 	178.79 	192.68 	F
278.89	38.44 	62	22.23 	167	167	68	187.03 	163.09 	165.28 	F
256	25.00 	50	19.53 	160	160	50	178.74 	167.99 	182.98 	F
262.44	22.09 	47	17.91 	162	178	65	169.32 	178.01 	184.78 	F
316.84	51.84 	72	22.72 	178	181	49	169.85 	167.66 	180.76 	F
282.24	31.36 	56	19.84 	168	178	90	174.77 	165.42 	168.02 	F
299.29	31.36 	56	18.71 	173	186	53	164.43 	173.05 	197.83 	F
278.89	36.00 	60	21.51 	167	169	78	159.46 	171.88 	167.43 	F
256	25.00 	50	19.53 	160	158	49	168.12 	168.65 	149.29 	F
295.84	29.70 	54.5	18.42 	172	178	71	178.89 	171.44 	176.70 	F
240.25	27.04 	52	21.64 	155	170	70	150.86 	164.53 	187.73 	F
249.64	20.25 	45	18.03 	158	185	70	179.35 	169.05 	191.55 	F
262.44	49.00 	70	26.67 	162	149	49	175.41 	176.06 	185.96 	F
272.25	25.00 	50	18.37 	165	180	61	178.74 	177.82 	184.37 	F
289	36.00 	60	20.76 	170	160	50	168.91 	173.11 	153.58 	F
256	20.25 	45	17.58 	160	179	50	172.30 	165.08 	185.34 	F
289	42.25 	65	22.49 	170	178	62	167.52 	165.87 	160.05 	F
302.76	36.00 	60	19.82 	174	150	68	157.38 	172.98 	196.90 	F
265.69	28.09 	53	19.95 	163	172	54	169.90 	165.69 	181.40 	F
278.89	24.01 	49	17.57 	167	178	49	177.96 	161.75 	188.92 	F
240.25	19.36 	44	18.31 	155	183	52	167.73 	166.05 	170.04 	F
278.89	36.00 	60	21.51 	167	162	53	169.38 	162.29 	149.81 	F
272.25	30.25 	55	20.20 	165	165	61	154.84 	176.97 	168.32 	F
289	30.25 	55	19.03 	170	174	51	194.35 	182.62 	187.34 	F
256	25.00 	50	19.53 	160	163	48	173.23 	167.47 	180.74 	F
292.41	33.64 	58	19.84 	171	171	69	168.45 	162.40 	154.32 	F
272.25	25.00 	50	18.37 	165	182	59	165.45 	170.30 	179.23 	F
272.25	24.01 	49	18.00 	165	177	42	151.44 	170.54 	201.71 	F
272.25	22.09 	47	17.26 	165	173	65	160.61 	174.84 	186.88 	F
256	26.01 	51	19.92 	160	164	50	177.05 	171.65 	177.44 	F
252.81	25.00 	50	19.78 	159	165	49	176.13 	169.36 	169.21 	F
275.56	28.09 	53	19.23 	166	170	52	166.81 	163.52 	182.04 	F
249.64	23.04 	48	19.23 	158	181	53	167.43 	165.43 	198.57 	F
265.69	19.36 	44	16.56 	163	169	65	179.52 	168.19 	157.51 	F
299.29	29.16 	54	18.04 	173	169	61	176.12 	167.55 	181.38 	F
272.25	30.25 	55	20.20 	165	173	43	179.26 	171.47 	166.10 	F
265.69	22.09 	47	17.69 	163	173	50	173.98 	175.44 	192.21 	F
249.64	20.25 	45	18.03 	158	180	85	165.84 	168.27 	157.32 	F
265.69	19.36 	44	16.56 	163	170	50	193.44 	171.24 	201.21 	F
259.21	18.49 	43	16.59 	161	155	65	170.29 	167.91 	192.52 	F
243.36	22.09 	47	19.31 	156	176	63	152.57 	166.09 	168.27 	F
268.96	29.16 	54	20.08 	164	165	80	162.04 	178.24 	160.20 	F
292.41	33.64 	58	19.84 	171	161	56	164.75 	159.95 	148.36 	F
268.96	39.69 	63	23.42 	164	176	52	172.09 	161.19 	180.72 	F
262.44	27.04 	52	19.81 	162	173	88	170.41 	176.52 	166.60 	F
225	20.25 	45	20.00 	150	181	53	184.35 	178.75 	190.38 	F
249.64	26.01 	51	20.43 	158	160	54	166.97 	174.16 	198.04 	F
262.44	25.00 	50	19.05 	162	181	77	150.69 	165.69 	197.97 	F
272.25	26.01 	51	18.73 	165	185	63	165.32 	172.20 	182.98 	F
289	30.25 	55	19.03 	170	171	65	153.45 	166.63 	173.49 	F
278.89	28.09 	53	19.00 	167	170	52	180.48 	158.28 	185.58 	F
278.89	38.44 	62	22.23 	167	173	57	171.92 	173.90 	179.38 	F
268.96	32.49 	57	21.19 	164	165	52.5	171.19 	161.23 	151.23 	F
295.84	38.44 	62	20.96 	172	160	61	180.69 	165.49 	165.88 	F
285.61	27.04 	52	18.21 	169	176	68	174.45 	160.75 	190.38 	F
289	32.49 	57	19.72 	170	169	55	156.15 	168.47 	171.04 	F
256	16.81 	41	16.02 	160	168	67	174.50 	171.03 	185.13 	F
256	16.00 	40	15.63 	160	159	66	173.16 	171.85 	175.28 	F
268.96	17.64 	42	15.62 	164	176	57	168.04 	167.08 	159.65 	F
256	20.25 	45	17.58 	160	160	42	169.31 	174.87 	184.42 	F
246.49	17.64 	42	17.04 	157	166	60	166.79 	169.56 	163.29 	F
268.96	15.21 	39	14.50 	164	167	81	175.42 	165.63 	150.64 	F
256	29.16 	54	21.09 	160	158	45	167.52 	168.13 	172.12 	F
246.49	23.04 	48	19.47 	157	161	46	172.08 	171.25 	204.88 	F
256	25.00 	50	19.53 	160	158	45	201.30 	173.90 	172.51 	F
278.89	38.44 	62	22.23 	167	175	47	181.89 	159.52 	200.47 	F
265.69	27.04 	52	19.57 	163	168	70	156.72 	165.25 	149.13 	F
289	32.49 	57	19.72 	170	165	55	162.75 	171.50 	186.47 	F
231.04	25.00 	50	21.64 	152	163	73	168.62 	166.51 	194.33 	F
256	18.49 	43	16.80 	160	179	50	166.63 	167.08 	189.69 	F
272.25	23.04 	48	17.63 	165	180	89	181.78 	175.36 	156.00 	F
262.44	28.09 	53	20.20 	162	175	68.5	169.90 	165.98 	177.95 	F
282.24	23.04 	48	17.01 	168	179	56	162.46 	176.60 	156.71 	F
249.64	22.09 	47	18.83 	158	163	44	159.53 	175.97 	165.37 	F
219.04	15.21 	39	17.80 	148	156	76	169.52 	165.51 	172.99 	F
259.21	28.09 	53	20.45 	161	183	50	183.90 	164.59 	196.65 	F
282.24	33.64 	58	20.55 	168	162	62	166.82 	163.64 	172.10 	F
240.25	17.64 	42	17.48 	155	176	53	178.51 	171.19 	156.02 	F
295.84	26.01 	51	17.24 	172	158	67	162.13 	169.78 	189.35 	F
272.25	16.00 	40	14.69 	165	173	47	170.77 	164.70 	183.48 	F
268.96	27.04 	52	19.33 	164	160	61	172.03 	176.58 	185.89 	F
256	18.49 	43	16.80 	160	161	50	162.27 	171.02 	203.14 	F
275.56	33.64 	58	21.05 	166	177	43	174.91 	175.55 	198.10 	F
275.56	38.44 	62	22.50 	166	176	68	160.17 	180.39 	187.16 	F
272.25	27.04 	52	19.10 	165	177	50	190.31 	173.91 	195.60 	F
249.64	24.01 	49	19.63 	158	168	76	172.40 	170.31 	191.12 	F
256	26.01 	51	19.92 	160	173	76	168.45 	176.25 	168.53 	F
256	26.01 	51	19.92 	160	181	73	169.68 	170.37 	179.82 	F
295.84	30.25 	55	18.59 	172	158	53	170.97 	164.52 	180.66 	F
262.44	23.04 	48	18.29 	162	175	72	170.47 	183.44 	204.34 	F
282.24	24.01 	49	17.36 	168	180	52	154.64 	165.06 	168.01 	F
256	24.01 	49	19.14 	160	176	75	171.74 	168.75 	194.18 	F
282.24	20.25 	45	15.94 	168	177	70	167.46 	166.27 	174.16 	F
265.69	18.49 	43	16.18 	163	171	58	174.74 	175.04 	196.68 	F
249.64	21.16 	46	18.43 	158	182	72.5	171.82 	162.35 	177.71 	F
289	28.09 	53	18.34 	170	178	61	170.49 	172.75 	201.15 	F
256	25.00 	50	19.53 	160	162	59	175.14 	169.39 	181.94 	F
289	36.00 	60	20.76 	170	167	62	179.07 	163.09 	157.37 	F
262.44	30.25 	55	20.96 	162	182	60	171.48 	171.65 	156.28 	F
256	30.25 	55	21.48 	160	164	62	163.60 	170.46 	183.92 	F
278.89	36.00 	60	21.51 	167	165	53	178.02 	165.76 	197.63 	F
256	20.25 	45	17.58 	160	171	65	155.99 	183.55 	194.28 	F
268.96	30.25 	55	20.45 	164	167	51	156.90 	175.07 	198.15 	F
249.64	27.04 	52	20.83 	158	166	66	171.72 	165.00 	188.63 	F
289	25.00 	50	17.30 	170	164	49	170.91 	168.86 	164.96 	F
262.44	29.16 	54	20.58 	162	180	53	181.05 	163.25 	183.69 	F
265.69	22.09 	47	17.69 	163	172	78	169.82 	171.96 	157.43 	F
249.64	21.16 	46	18.43 	158	173	68	170.51 	168.69 	195.69 	F
256	23.04 	48	18.75 	160	158	46	170.55 	177.13 	167.84 	F
265.69	24.01 	49	18.44 	163	173	53	157.85 	176.90 	177.84 	F
262.44	23.04 	48	18.29 	162	181	67	161.29 	168.64 	173.23 	F
240.25	21.16 	46	19.15 	155	163	50	177.71 	168.57 	185.49 	F
289	25.00 	50	17.30 	170	166	44	189.01 	172.79 	169.28 	F
289	36.00 	60	20.76 	170	175	65	165.57 	176.31 	166.68 	F
272.25	24.01 	49	18.00 	165	180	74	180.52 	171.49 	157.89 	F
265.69	22.09 	47	17.69 	163	158	60	161.60 	163.45 	197.88 	F
275.56	28.09 	53	19.23 	166	183	67	163.35 	179.75 	155.92 	F
259.21	28.09 	53	20.45 	161	159	75	175.81 	170.66 	161.29 	F
282.24	33.64 	58	20.55 	168	168	44	178.37 	163.21 	185.25 	F
240.25	17.64 	42	17.48 	155	158	48	150.84 	176.08 	191.29 	F
295.84	26.01 	51	17.24 	172	176	60	167.16 	170.62 	187.42 	F
268.96	27.04 	52	19.33 	164	173	65	179.05 	162.77 	175.76 	F
256	18.49 	43	16.80 	160	167	75	151.67 	160.81 	158.47 	F
275.56	33.64 	58	21.05 	166	165	75	190.19 	164.62 	186.32 	F
275.56	38.44 	62	22.50 	166	173	70	168.36 	174.89 	153.11 	F
272.25	27.04 	52	19.10 	165	165	68	168.57 	163.05 	179.38 	F
259.21	28.09 	53	20.45 	161	157	80	190.74 	174.27 	152.53 	F
282.24	33.64 	58	20.55 	168	158	62	157.44 	169.86 	180.13 	F
240.25	17.64 	42	17.48 	155	168	44	162.92 	165.56 	158.30 	F
295.84	26.01 	51	17.24 	172	175	67	162.75 	179.17 	165.52 	F
268.96	27.04 	52	19.33 	164	160	51	183.59 	172.01 	162.99 	F
256	18.49 	43	16.80 	160	175	65	175.35 	160.50 	180.13 	F
275.56	33.64 	58	21.05 	166	182	63	167.56 	164.45 	149.81 	F
246.49	18.49 	43	17.44 	157	184	63	171.67 	172.60 	161.78 	F
252.81	16.00 	40	15.82 	159	182	55	175.31 	169.12 	182.64 	F
272.25	28.09 	53	19.47 	165	167	42	169.68 	168.83 	204.34 	F
259.21	21.16 	46	17.75 	161	160	49	172.39 	163.85 	204.51 	F
259.21	24.01 	49	18.90 	161	173	58	177.31 	170.52 	185.48 	F
289	25.00 	50	17.30 	170	170	50	161.05 	171.93 	203.14 	F
292.41	28.09 	53	18.13 	171	170	73	186.02 	164.44 	172.40 	F
262.44	22.09 	47	17.91 	162	172	50	175.50 	170.09 	182.36 	F
272.25	24.01 	49	18.00 	165	160	57	155.43 	170.31 	152.75 	F
289	31.36 	56	19.38 	170	174	50	170.05 	162.61 	179.34 	F
249.64	25.00 	50	20.03 	158	197	74	167.25 	168.58 	157.42 	F
295.84	30.25 	55	18.59 	172	170	85	186.92 	163.80 	196.68 	F
256	24.01 	49	19.14 	160	159	67.5	173.33 	168.76 	190.08 	F
265.69	27.04 	52	19.57 	163	178	59	167.18 	164.71 	165.23 	F
262.44	23.04 	48	18.29 	162	163	53	172.94 	169.51 	154.09 	F
256	24.01 	49	19.14 	160	164	85	170.21 	169.49 	200.63 	F
240.25	25.00 	50	20.81 	155	172	52	174.14 	186.56 	176.04 	F
289	28.09 	53	18.34 	170	173	48	180.21 	168.21 	164.84 	F
225	42.25 	65	28.89 	150	175	62	158.58 	169.14 	192.46 	F
272.25	26.52 	51.5	18.92 	165	165	49	173.91 	162.10 	176.03 	F
259.21	33.64 	58	22.38 	161	178	70	174.72 	171.60 	180.15 	F
249.64	27.04 	52	20.83 	158	158	70	161.47 	179.23 	149.98 	F
249.64	16.00 	40	16.02 	158	169.5	61	164.47 	179.49 	172.50 	F
262.44	23.04 	48	18.29 	162	170	55	170.63 	167.49 	191.94 	F
256	25.00 	50	19.53 	160	178	60	152.84 	173.77 	190.25 	F
289	42.25 	65	22.49 	170	167	65	178.42 	166.71 	154.97 	F
268.96	27.04 	52	19.33 	164	170	82	177.16 	172.06 	171.19 	F
265.69	19.36 	44	16.56 	163	170	60	167.12 	176.52 	150.25 	F
265.69	25.00 	50	18.82 	163	173	63	164.12 	174.73 	161.33 	F
249.64	19.36 	44	17.63 	158	184	62	172.33 	164.27 	157.76 	F
275.56	29.16 	54	19.60 	166	178	48	173.29 	179.25 	163.84 	F
246.49	25.00 	50	20.28 	157	175	63	146.65 	169.77 	170.74 	F
256	26.01 	51	19.92 	160	175	57	174.57 	167.54 	189.90 	F
265.69	26.01 	51	19.20 	163	181	69	177.16 	167.67 	204.25 	F
309.76	42.25 	65	20.98 	176	171	77	152.39 	158.69 	157.62 	F
262.44	28.09 	53	20.20 	162	165	64	177.55 	167.83 	185.87 	F
285.61	29.16 	54	18.91 	169	166	54	162.55 	166.21 	189.68 	F
249.64	20.25 	45	18.03 	158	179	43	186.37 	162.48 	184.45 	F
268.96	16.00 	40	14.87 	164	175	63	156.43 	169.58 	194.82 	F
243.36	16.00 	40	16.44 	156	165	62	175.22 	164.79 	180.40 	F
256	23.04 	48	18.75 	160	174	52	190.06 	168.92 	181.01 	F
262.44	25.00 	50	19.05 	162	164	50	171.87 	162.90 	184.74 	F
282.24	27.04 	52	18.42 	168	184	80	167.67 	167.29 	180.51 	F
252.81	25.00 	50	19.78 	159	167	58	169.07 	181.52 	197.03 	F
302.76	27.04 	52	17.18 	174	169	68	158.72 	170.42 	198.60 	F
222.01	23.04 	48	21.62 	149	162	55	169.41 	169.61 	176.48 	F
272.25	29.16 	54	19.83 	165	178	60	164.51 	164.71 	150.25 	F
282.24	30.25 	55	19.49 	168	178	58	155.34 	170.31 	153.22 	F
256	21.16 	46	17.97 	160	178	85	181.88 	175.84 	185.77 	F
252.81	32.49 	57	22.55 	159	159	54	168.89 	161.16 	203.94 	F
292.41	39.69 	63	21.55 	171	181	74	159.42 	165.06 	198.64 	F
282.24	29.16 	54	19.13 	168	176	62	161.40 	167.94 	195.63 	F
256	20.25 	45	17.58 	160	182	66	153.08 	174.98 	185.37 	F
306.25	30.25 	55	17.96 	175	179	52	177.53 	165.91 	177.54 	F
265.69	25.00 	50	18.82 	163	167	65	170.31 	174.64 	159.06 	F
272.25	36.00 	60	22.04 	165	178	80	165.87 	178.18 	175.94 	F
285.61	31.36 	56	19.61 	169	178	42.5	171.17 	164.13 	186.85 	F
309.76	32.49 	57	18.40 	176	175	50	185.06 	172.29 	185.63 	F
231.04	24.01 	49	21.21 	152	163	70	162.89 	186.92 	184.08 	F
256	23.04 	48	18.75 	160	181	48	160.36 	179.04 	158.26 	F
275.56	26.01 	51	18.51 	166	184	48	162.44 	173.68 	199.75 	F
256	30.25 	55	21.48 	160	163	59	174.66 	169.28 	183.69 	F
240.25	30.25 	55	22.89 	155	160	70	176.08 	161.21 	156.82 	F
265.69	30.25 	55	20.70 	163	152	80	167.17 	172.66 	180.25 	F
246.49	25.00 	50	20.28 	157	186	75	167.40 	173.31 	152.03 	F
240.25	25.00 	50	20.81 	155	174	59	174.78 	171.49 	192.39 	F
256	27.04 	52	20.31 	160	160	48	180.79 	167.70 	167.62 	F
240.25	17.64 	42	17.48 	155	165	54	179.09 	171.77 	170.26 	F
265.69	25.00 	50	18.82 	163	177	72	163.55 	170.20 	161.57 	F
256	49.00 	70	27.34 	160	168	44	168.63 	171.82 	157.65 	F
240.25	30.25 	55	22.89 	155	182	67	185.09 	171.91 	202.83 	F
265.69	28.09 	53	19.95 	163	175	56	185.55 	173.46 	169.35 	F
240.25	30.25 	55	22.89 	155	155	40	169.15 	163.57 	203.67 	F
256	44.89 	67	26.17 	160	194	60	172.20 	164.13 	180.80 	F
243.36	24.01 	49	20.13 	156	158	61	170.45 	166.49 	151.13 	F
268.96	81.00 	90	33.46 	164	160	50	167.03 	172.77 	172.43 	F
272.25	34.81 	59	21.67 	165	168	55	178.61 	161.16 	171.76 	F
234.09	49.00 	70	29.90 	153	170	95	153.09 	178.38 	179.76 	F
268.96	47.61 	69	25.65 	164	168	42	186.35 	175.96 	190.16 	F
278.89	30.25 	55	19.72 	167	172	43	179.95 	178.37 	155.35 	F
265.69	25.00 	50	18.82 	163	170	65	184.10 	178.49 	165.21 	F
243.36	30.25 	55	22.60 	156	163	55	155.94 	174.81 	185.18 	F
249.64	29.16 	54	21.63 	158	173	64	178.94 	171.53 	172.67 	F
292.41	30.25 	55	18.81 	171	173	65	180.18 	166.37 	202.45 	F
275.56	27.56 	52.5	19.05 	166	166	60	150.62 	170.04 	178.39 	F
289	30.25 	55	19.03 	170	187	50	189.41 	170.49 	171.55 	F
302.76	31.36 	56	18.50 	174	175	58	155.54 	172.22 	188.44 	F
256	30.25 	55	21.48 	160	156	40	168.40 	173.58 	189.70 	F
243.36	25.00 	50	20.55 	156	174	50	164.00 	182.88 	161.37 	F
282.24	28.09 	53	18.78 	168	165	74	175.46 	172.74 	189.40 	F
268.96	24.01 	49	18.22 	164	180	48	179.03 	171.89 	194.41 	F
256	24.01 	49	19.14 	160	182	67	173.25 	171.56 	172.51 	F
272.25	32.49 	57	20.94 	165	164	85	169.71 	176.13 	148.85 	F
259.21	25.00 	50	19.29 	161	169	65	166.76 	172.27 	195.15 	F
256	20.25 	45	17.58 	160	172	52	163.42 	176.67 	198.30 	F
249.64	20.25 	45	18.03 	158	170	57	172.54 	173.61 	164.09 	F
265.69	24.01 	49	18.44 	163	172	45	165.94 	168.80 	165.08 	F
246.49	26.01 	51	20.69 	157	169	57	181.57 	168.54 	171.30 	F
256	27.04 	52	20.31 	160	185	56	164.03 	167.55 	177.56 	F
259.21	28.09 	53	20.45 	161	168	45	159.86 	178.90 	185.81 	F
249.64	20.25 	45	18.03 	158	166	47.5	166.06 	169.77 	169.87 	F
249.64	22.09 	47	18.83 	158	175	74	169.91 	174.62 	187.98 	F
256	20.25 	45	17.58 	160	163	46	161.63 	168.98 	170.07 	F
246.49	15.21 	39	15.82 	157	172	60	163.37 	171.73 	172.07 	F
282.24	22.09 	47	16.65 	168	157	53	155.25 	173.57 	156.89 	F
295.84	57.76 	76	25.69 	172	182	55	185.56 	176.22 	196.52 	M
285.61	51.84 	72	25.21 	169	170	69	176.90 	164.61 	193.81 	M
334.89	42.25 	65	19.41 	183	169	63	165.25 	171.18 	169.35 	M
327.61	72.25 	85	25.95 	181	152	44	177.92 	173.03 	180.51 	M
316.84	59.29 	77	24.30 	178	157	65	166.14 	176.34 	176.27 	M
338.56	64.00 	80	23.63 	184	161	43	169.26 	170.89 	163.62 	M
327.61	46.24 	68	20.76 	181	158	51	173.03 	164.93 	197.92 	M
285.61	36.00 	60	21.01 	169	172	70	158.99 	170.01 	171.64 	M
299.29	39.69 	63	21.05 	173	165	46	190.90 	163.89 	180.28 	M
331.24	59.29 	77	23.25 	182	160	58	175.23 	162.74 	195.08 	M
306.25	44.89 	67	21.88 	175	160	54	166.73 	162.86 	191.43 	M
299.29	47.61 	69	23.05 	173	168	69	165.06 	160.45 	189.73 	M
331.24	56.25 	75	22.64 	182	163	56	166.19 	171.44 	184.87 	M
309.76	51.84 	72	23.24 	176	170	60	179.60 	172.19 	188.15 	M
282.24	29.16 	54	19.13 	168	156	43	164.87 	167.30 	187.57 	M
320.41	29.16 	54	16.85 	179	192	67	178.76 	171.86 	156.78 	M
299.29	43.56 	66	22.05 	173	182	73	166.17 	168.84 	180.93 	M
338.56	64.00 	80	23.63 	184	150	55	153.90 	174.10 	169.36 	M
306.25	38.44 	62	20.24 	175	160	63	174.55 	170.70 	190.01 	M
292.41	46.24 	68	23.26 	171	163	39	170.90 	175.74 	161.19 	M
299.29	57.76 	76	25.39 	173	180	50	171.32 	169.22 	165.10 	M
306.25	65.61 	81	26.45 	175	164	59	159.94 	173.60 	170.46 	M
342.25	39.06 	62.5	18.26 	185	165	58	175.55 	177.74 	176.83 	M
313.29	39.06 	62.5	19.95 	177	172	45	171.46 	161.14 	191.90 	M
289	43.56 	66	22.84 	170	183	45	188.73 	170.41 	187.23 	M
316.84	47.61 	69	21.78 	178	167	66	177.30 	170.25 	166.79 	M
299.29	44.89 	67	22.39 	173	170	62	171.92 	170.71 	191.01 	M
295.84	43.56 	66	22.31 	172	176	72	167.03 	159.03 	204.81 	M
309.76	30.25 	55	17.76 	176	166	60	148.26 	162.41 	203.77 	M
287.3025	29.16 	54	18.80 	169.5	168	45	156.01 	172.47 	199.48 	M
313.29	39.06 	62.5	19.95 	177	170	71	175.85 	170.88 	174.98 	M
302.76	44.89 	67	22.13 	174	174	55	174.61 	171.05 	202.84 	M
316.84	79.21 	89	28.09 	178	160	75	167.43 	166.50 	176.32 	M
282.24	38.44 	62	21.97 	168	178	48	172.46 	170.46 	171.22 	M
285.61	51.84 	72	25.21 	169	169	50	170.40 	173.92 	163.57 	M
272.25	38.44 	62	22.77 	165	162	55	180.71 	172.50 	152.99 	M
289	49.00 	70	24.22 	170	163	60	176.01 	174.06 	166.38 	M
282.24	27.04 	52	18.42 	168	165	51	163.63 	160.75 	170.73 	M
302.76	30.25 	55	18.17 	174	166	67	167.49 	162.31 	203.16 	M
400	66.75 	81.7	20.43 	200	175	62	165.00 	167.78 	203.96 	M
316.84	77.44 	88	27.77 	178	160	68	168.57 	166.98 	171.60 	M
316.84	53.29 	73	23.04 	178	173	48	170.37 	161.15 	203.44 	M
306.25	46.24 	68	22.20 	175	165	50	169.78 	172.00 	165.71 	M
316.84	42.25 	65	20.52 	178	160	55	168.28 	169.49 	203.69 	M
331.24	56.25 	75	22.64 	182	179	49	181.74 	164.89 	160.22 	M
309.76	51.84 	72	23.24 	176	178	47	182.13 	162.23 	194.67 	M
342.25	64.00 	80	23.37 	185	179	45	161.35 	172.78 	197.92 	M
309.76	39.69 	63	20.34 	176	189.5	84	188.29 	170.49 	196.81 	M
327.61	42.25 	65	19.84 	181	175	60	184.54 	164.64 	164.11 	M
289	29.16 	54	18.69 	170	175	48	169.84 	164.40 	172.73 	M
295.84	44.89 	67	22.65 	172	166	45	166.10 	169.57 	158.10 	M
316.84	36.00 	60	18.94 	178	163	65	160.69 	174.64 	148.95 	M
306.25	49.00 	70	22.86 	175	177	46	182.20 	169.15 	172.52 	M
324	36.00 	60	18.52 	180	184	60	158.66 	170.48 	156.57 	M
338.56	49.00 	70	20.68 	184	165	58	170.75 	169.80 	193.76 	M
309.76	43.56 	66	21.31 	176	165	75	170.92 	174.49 	163.03 	M
331.24	42.25 	65	19.62 	182	167	70	160.23 	172.25 	174.02 	M
316.84	60.84 	78	24.62 	178	174	46	160.16 	168.62 	175.95 	M
309.76	36.00 	60	19.37 	176	186	80	180.56 	169.89 	156.64 	M
299.29	49.00 	70	23.39 	173	180	59	168.52 	169.50 	161.91 	M
338.56	34.81 	59	17.43 	184	163	70	170.78 	165.52 	148.41 	M
302.76	70.56 	84	27.74 	174	168	67	163.35 	169.78 	181.27 	M
306.25	42.25 	65	21.22 	175	173	59	177.85 	165.24 	156.67 	M
289	46.24 	68	23.53 	170	177	72	148.21 	172.13 	159.53 	M
272.25	30.25 	55	20.20 	165	178	53	183.15 	174.90 	163.65 	M
289	36.00 	60	20.76 	170	176	64	162.69 	167.63 	164.12 	M
320.41	40.96 	64	19.97 	179	179	70	170.80 	169.63 	179.23 	M
295.84	31.36 	56	18.93 	172	168	52	179.54 	174.27 	173.96 	M
282.24	32.49 	57	20.20 	168	158	65	170.85 	177.99 	191.51 	M
316.84	44.89 	67	21.15 	178	176	54	171.40 	172.11 	158.76 	M
295.84	33.64 	58	19.61 	172	168	59	177.28 	174.55 	163.87 	M
289	42.25 	65	22.49 	170	175	51	199.84 	171.07 	152.68 	M
316.84	42.25 	65	20.52 	178	179	58	148.88 	173.19 	149.74 	M
306.25	40.96 	64	20.90 	175	168	87	158.58 	162.49 	173.46 	M
309.76	59.29 	77	24.86 	176	183	70	183.43 	164.04 	193.20 	M
256	23.04 	48	18.75 	160	180	60	153.12 	175.58 	165.62 	M
289	38.44 	62	21.45 	170	162	54	158.50 	161.84 	179.93 	M
313.29	30.25 	55	17.56 	177	186	68	158.61 	164.02 	176.56 	M
342.25	42.25 	65	18.99 	185	162	46	194.20 	172.23 	182.74 	M
309.76	36.00 	60	19.37 	176	168	68	181.70 	178.76 	177.11 	M
299.29	49.00 	70	23.39 	173	167	62	163.94 	165.42 	194.15 	M
292.41	34.81 	59	20.18 	171	178	70	174.06 	163.65 	163.83 	M
320.41	31.36 	56	17.48 	179	161	60.5	176.40 	162.44 	149.34 	M
289	30.25 	55	19.03 	170	183	49	168.24 	167.40 	149.45 	M
316.84	42.25 	65	20.52 	178	163	65	164.61 	178.37 	155.38 	M
316.84	56.25 	75	23.67 	178	160	51	189.09 	162.68 	148.93 	M
331.24	49.00 	70	21.13 	182	168	75	179.94 	167.19 	153.35 	M
320.41	36.00 	60	18.73 	179	163	45	160.09 	166.07 	151.41 	M
289	47.61 	69	23.88 	170	180	45	164.20 	168.11 	154.84 	M
342.25	57.76 	76	22.21 	185	172	54	157.93 	176.23 	184.17 	M
309.76	39.69 	63	20.34 	176	179	55	182.26 	174.48 	189.93 	M
316.84	46.24 	68	21.46 	178	182	50	177.97 	160.89 	173.90 	M
327.61	31.36 	56	17.09 	181	157	56	175.54 	175.50 	172.17 	M
309.76	43.56 	66	21.31 	176	158	48	167.29 	172.23 	159.48 	M
324	56.25 	75	23.15 	180	161	72	169.56 	166.30 	202.40 	M
306.25	56.25 	75	24.49 	175	155	90	173.96 	174.66 	154.13 	M
285.61	46.24 	68	23.81 	169	168	60	158.42 	176.61 	169.38 	M
306.25	34.81 	59	19.27 	175	182	50	177.38 	177.77 	175.48 	M
299.29	36.00 	60	20.05 	173	176	46	167.66 	175.56 	152.48 	M
334.89	38.44 	62	18.51 	183	178	54	173.89 	176.96 	162.20 	M
327.61	43.56 	66	20.15 	181	163	61	187.75 	173.48 	202.80 	M
295.84	49.00 	70	23.66 	172	165	50	162.21 	174.74 	151.70 	M
342.25	72.25 	85	24.84 	185	173	59	168.71 	166.02 	159.84 	M
316.84	46.24 	68	21.46 	178	160	65	176.13 	174.03 	186.39 	M
320.41	44.89 	67	20.91 	179	172	73	168.19 	178.53 	169.95 	M
302.76	38.44 	62	20.48 	174	160	51	157.06 	174.59 	148.30 	M
316.84	47.61 	69	21.78 	178	168	52	184.36 	175.61 	154.41 	M
334.89	56.25 	75	22.40 	183	160	50	180.66 	172.38 	169.53 	M
316.84	42.25 	65	20.52 	178	175	62	159.02 	169.81 	169.77 	M
331.24	53.29 	73	22.04 	182	176	44	164.32 	173.09 	199.10 	M
327.61	57.76 	76	23.20 	181	184	52	162.27 	165.74 	156.61 	M
349.69	60.84 	78	22.31 	187	164	101	161.69 	165.00 	190.51 	M
289	38.44 	62	21.45 	170	165	70	164.42 	173.44 	155.76 	M
309.76	38.44 	62	20.02 	176	155	54	164.86 	174.27 	203.64 	M
299.29	42.25 	65	21.72 	173	162	39	176.53 	168.82 	199.76 	M
289	37.21 	61	21.11 	170	170	71	174.98 	162.95 	199.30 	M
313.29	46.24 	68	21.71 	177	173	55	167.11 	166.96 	180.74 	M
331.24	50.41 	71	21.43 	182	173	80	174.11 	178.23 	156.61 	M
331.24	42.25 	65	19.62 	182	162	64	157.89 	171.35 	195.52 	M
295.84	36.00 	60	20.28 	172	159	55	155.46 	169.12 	159.64 	M
292.41	33.64 	58	19.84 	171	168	65	165.20 	172.90 	177.27 	M
342.25	64.00 	80	23.37 	185	170	83	160.81 	168.40 	189.97 	M
327.61	56.25 	75	22.89 	181	155	49	162.53 	172.92 	164.07 	M
299.29	37.21 	61	20.38 	173	160	51	158.51 	160.20 	173.75 	M
299.29	56.25 	75	25.06 	173	160	85	172.51 	165.44 	181.86 	M
324	46.24 	68	20.99 	180	175	63	151.29 	169.51 	168.42 	M
309.76	42.25 	65	20.98 	176	170	53	194.20 	173.64 	153.05 	M
289	44.89 	67	23.18 	170	179	50	201.18 	165.56 	199.29 	M
295.84	42.25 	65	21.97 	172	170	51	144.78 	168.24 	151.15 	M
324	36.00 	60	18.52 	180	168	44	165.82 	167.92 	175.28 	M
316.84	36.00 	60	18.94 	178	181	47	175.89 	166.00 	197.58 	M
309.76	54.76 	74	23.89 	176	167	58	178.95 	169.79 	171.23 	M
309.76	54.76 	74	23.89 	176	168	65	176.96 	165.89 	203.83 	M
334.89	56.25 	75	22.40 	183	155	47	177.42 	170.19 	172.32 	M
306.25	72.25 	85	27.76 	175	162	73	156.48 	160.80 	201.36 	M
316.84	38.44 	62	19.57 	178	183	50	162.06 	166.66 	179.49 	M
289	44.89 	67	23.18 	170	160	68	154.54 	169.59 	198.24 	M
331.24	43.56 	66	19.93 	182	174	70	177.67 	168.91 	193.45 	M
331.24	49.00 	70	21.13 	182	177	52	169.20 	169.93 	167.46 	M
282.24	43.56 	66	23.38 	168	168	52	173.80 	168.86 	191.49 	M
295.84	36.00 	60	20.28 	172	181	46	176.52 	164.48 	161.82 	M
295.84	36.00 	60	20.28 	172	168	49	175.78 	171.30 	163.11 	M
327.61	39.69 	63	19.23 	181	180	59	162.84 	168.47 	197.27 	M
316.84	43.56 	66	20.83 	178	175	84	174.74 	169.80 	190.68 	M
316.84	40.96 	64	20.20 	178	160	62	166.60 	161.70 	198.95 	M
338.56	60.84 	78	23.04 	184	180	65	168.18 	183.48 	167.33 	M
302.76	39.69 	63	20.81 	174	170	65	154.01 	176.73 	186.86 	M
292.41	40.96 	64	21.89 	171	175	75	181.74 	162.74 	175.49 	M
306.25	42.25 	65	21.22 	175	172	68	184.54 	175.86 	165.60 	M
320.41	38.44 	62	19.35 	179	176	50	154.40 	160.06 	157.21 	M
282.24	39.69 	63	22.32 	168	185	78	178.10 	168.25 	150.36 	M
299.29	42.25 	65	21.72 	173	159	53	179.15 	166.04 	168.01 	M
299.29	72.25 	85	28.40 	173	176	74	176.57 	163.94 	172.99 	M
345.96	36.00 	60	17.34 	186	177	46	177.27 	174.47 	169.18 	M
357.21	25.00 	50	14.00 	189	160	75	164.66 	172.37 	180.16 	M
289	46.24 	68	23.53 	170	160	41	157.33 	173.35 	179.61 	M
282.24	29.16 	54	19.13 	168	162	58	166.99 	162.10 	174.90 	M
316.84	32.49 	57	17.99 	178	158	45	165.08 	170.48 	188.75 	M
342.25	49.00 	70	20.45 	185	176	49	166.59 	164.49 	182.41 	M
309.76	46.24 	68	21.95 	176	163	80	189.85 	176.17 	201.39 	M
289	36.00 	60	20.76 	170	178	41	162.85 	168.14 	177.80 	M
324	59.29 	77	23.77 	180	173	46.5	182.21 	163.58 	175.07 	M
285.61	29.16 	54	18.91 	169	172	53	168.48 	179.49 	170.27 	M
316.84	51.84 	72	22.72 	178	182	47	183.09 	166.97 	150.21 	M
338.56	67.24 	82	24.22 	184	184	50	164.09 	167.91 	167.55 	M
306.25	56.25 	75	24.49 	175	176	67	168.96 	163.73 	165.24 	M
268.96	42.25 	65	24.17 	164	182	51	173.06 	171.91 	194.70 	M
320.41	56.25 	75	23.41 	179	165	53	173.37 	158.59 	166.00 	M
289	30.25 	55	19.03 	170	166	80	175.61 	166.30 	204.85 	M
334.89	43.56 	66	19.71 	183	179	60	164.18 	180.54 	165.01 	M
309.76	64.00 	80	25.83 	176	164	55	156.98 	170.13 	204.60 	M
289	37.21 	61	21.11 	170	163	52	170.85 	175.49 	179.97 	M
278.89	39.69 	63	22.59 	167	174	50	162.14 	169.34 	186.13 	M
338.56	49.00 	70	20.68 	184	158	66	159.45 	168.14 	149.88 	M
299.29	39.69 	63	21.05 	173	161	85	169.90 	179.08 	167.89 	M
299.29	49.00 	70	23.39 	173	176	63	168.79 	166.54 	187.88 	M
331.24	33.64 	58	17.51 	182	160	54	167.48 	167.78 	150.93 	M
285.61	42.25 	65	22.76 	169	185	49	169.16 	168.45 	174.26 	M
306.25	38.44 	62	20.24 	175	177	48	160.20 	174.04 	198.33 	M
316.84	39.69 	63	19.88 	178	164	60	190.73 	171.02 	203.69 	M
309.76	47.61 	69	22.28 	176	170	65	164.67 	166.57 	148.05 	M
338.56	57.76 	76	22.45 	184	167	45	166.32 	165.46 	154.62 	M
331.24	56.25 	75	22.64 	182	167	60	177.89 	168.36 	180.57 	M
334.89	54.76 	74	22.10 	183	180	62.5	166.98 	171.25 	182.60 	M
316.84	54.76 	74	23.36 	178	163	50	179.98 	166.95 	150.16 	M
313.29	38.44 	62	19.79 	177	182	78	157.92 	170.07 	180.78 	M
316.84	34.81 	59	18.62 	178	163	45	151.35 	168.61 	182.31 	M
289	51.84 	72	24.91 	170	183	70	161.18 	172.77 	172.76 	M
306.25	44.89 	67	21.88 	175	172	70	163.81 	171.96 	187.71 	M
320.41	64.00 	80	24.97 	179	170	80	162.15 	166.38 	189.75 	M
324	49.00 	70	21.60 	180	170	60	164.98 	171.68 	155.97 	M
285.61	39.69 	63	22.06 	169	159	53	168.24 	172.32 	154.50 	M
345.96	70.56 	84	24.28 	186	175	58	169.28 	164.88 	151.49 	M
320.41	36.00 	60	18.73 	179	168	69	187.14 	176.81 	159.24 	M
289	47.61 	69	23.88 	170	158	80	148.95 	161.70 	176.77 	M
342.25	57.76 	76	22.21 	185	182	75	189.69 	171.39 	182.42 	M
309.76	39.69 	63	20.34 	176	180	80	171.34 	164.25 	174.61 	M
316.84	46.24 	68	21.46 	178	163	54	160.94 	163.90 	171.82 	M
327.61	31.36 	56	17.09 	181	171	51	157.64 	161.80 	159.04 	M
342.25	42.25 	65	18.99 	185	174	42	163.73 	179.87 	200.86 	M
309.76	36.00 	60	19.37 	176	170	58	159.69 	168.50 	186.10 	M
299.29	49.00 	70	23.39 	173	175	63	174.46 	163.21 	181.17 	M
292.41	34.81 	59	20.18 	171	168	52	168.33 	167.03 	191.43 	M
320.41	31.36 	56	17.48 	179	150	69	175.51 	175.36 	202.32 	M
289	30.25 	55	19.03 	170	165	49	157.12 	183.51 	177.43 	M
380.25	96.04 	98	25.77 	195	161	60	170.37 	174.25 	160.28 	M
353.44	60.84 	78	22.07 	188	174	62	180.10 	171.07 	166.14 	M
420.25	169.00 	130	30.93 	205	165	48	169.49 	165.46 	171.96 	M
388.09	96.04 	98	25.25 	197	162	71	161.17 	169.76 	199.09 	M
368.64	79.21 	89	24.14 	192	160	45	165.40 	180.95 	203.94 	M
299.29	56.25 	75	25.06 	173	160	62	181.74 	179.88 	186.35 	M
309.76	37.21 	61	19.69 	176	160	50	172.07 	161.32 	172.70 	M
302.76	65.61 	81	26.75 	174	170	49	193.12 	172.47 	184.35 	M
342.25	49.00 	70	20.45 	185	189	50	163.06 	163.48 	200.96 	M
353.44	67.24 	82	23.20 	188	156	63	170.81 	166.21 	171.18 	M
299.29	79.21 	89	29.74 	173	172	54	167.54 	166.79 	173.90 	M
338.56	60.84 	78	23.04 	184	170	72	175.43 	166.52 	196.14 	M
306.25	42.25 	65	21.22 	175	180	48	172.08 	161.98 	149.74 	M
316.84	46.24 	68	21.46 	178	173	53	160.93 	169.06 	197.65 	M
320.41	56.25 	75	23.41 	179	173	51	178.01 	164.12 	195.83 	M
299.29	43.56 	66	22.05 	173	168	49	159.80 	174.03 	160.99 	M
272.25	36.00 	60	22.04 	165	161	78	164.62 	171.98 	197.39 	M
282.24	32.49 	57	20.20 	168	158	67	167.38 	169.12 	177.08 	M
313.29	50.41 	71	22.66 	177	181	68	174.72 	169.85 	163.62 	M
306.25	56.25 	75	24.49 	175	159	84	168.22 	179.02 	181.65 	M
331.24	56.25 	75	22.64 	182	173	54	157.61 	168.90 	154.46 	M
324	54.76 	74	22.84 	180	175	62	165.97 	167.60 	176.55 	M
275.56	32.49 	57	20.69 	166	174	56	173.43 	163.75 	160.39 	M
331.24	50.41 	71	21.43 	182	160	60	155.65 	172.10 	164.67 	M
313.29	46.24 	68	21.71 	177	160	53	175.09 	170.26 	183.27 	M
306.25	43.56 	66	21.55 	175	181	58	184.12 	181.14 	187.40 	M
331.24	50.41 	71	21.43 	182	166	39	168.37 	173.53 	192.33 	M
282.24	27.04 	52	18.42 	168	171	47	180.20 	164.61 	202.07 	M
292.41	39.69 	63	21.55 	171	181	69	172.11 	168.86 	191.43 	M
289	33.64 	58	20.07 	170	170	47	174.93 	168.19 	187.08 	M
282.24	36.00 	60	21.26 	168	160	65	161.47 	170.65 	193.23 	M
316.84	60.84 	78	24.62 	178	178	50	173.55 	167.29 	195.59 	M
282.24	72.25 	85	30.12 	168	185	58	169.51 	169.27 	202.31 	M
345.96	33.64 	58	16.76 	186	168	48	169.11 	161.63 	163.13 	M
299.29	81.00 	90	30.07 	173	170	75	157.25 	177.51 	200.12 	M
309.76	64.00 	80	25.83 	176	178	55	188.48 	167.16 	199.40 	M
292.41	81.00 	90	30.78 	171	160	53	168.93 	169.56 	149.16 	M
306.25	42.25 	65	21.22 	175	174	50	172.32 	173.64 	204.41 	M
306.25	53.29 	73	23.84 	175	180	57	172.33 	174.72 	185.05 	M
306.25	42.25 	65	21.22 	175	173	56	179.86 	175.29 	194.42 	M
299.29	81.00 	90	30.07 	173	170	65	182.20 	176.47 	182.05 	M
289	28.09 	53	18.34 	170	148	62	163.17 	172.05 	157.90 	M
306.25	49.00 	70	22.86 	175	173	65	168.48 	169.59 	179.88 	M
313.29	39.69 	63	20.11 	177	166	62	174.65 	175.19 	168.18 	M
320.41	33.64 	58	18.10 	179	176	66	178.25 	171.97 	183.65 	M
331.24	42.25 	65	19.62 	182	170	45	187.58 	170.98 	184.50 	M
334.89	42.25 	65	19.41 	183	166	62	178.80 	178.79 	191.04 	M
313.29	44.89 	67	21.39 	177	170	52	166.52 	165.87 	185.85 	M
299.29	38.44 	62	20.72 	173	171	80	153.09 	173.28 	158.75 	M
275.56	33.06 	57.5	20.87 	166	168	50	183.30 	171.88 	157.59 	M
324	46.24 	68	20.99 	180	156	53	186.52 	175.66 	179.05 	M
295.84	36.00 	60	20.28 	172	178	47	167.97 	182.53 	167.38 	M
302.76	56.25 	75	24.77 	174	164	58	181.92 	165.86 	163.11 	M
299.29	39.69 	63	21.05 	173	183	65	171.44 	165.20 	160.79 	M
299.29	36.00 	60	20.05 	173	178	70	162.95 	171.17 	149.87 	M
299.29	42.25 	65	21.72 	173	176	89	165.70 	170.22 	161.73 	M
289	64.00 	80	27.68 	170	164	43	159.24 	176.71 	192.69 	M
327.61	88.36 	94	28.69 	181	168	74	183.30 	177.00 	163.48 	M
306.25	59.29 	77	25.14 	175	181	68	149.27 	171.93 	148.10 	M
309.76	53.29 	73	23.57 	176	177	63	180.06 	169.84 	152.94 	M
316.84	34.81 	59	18.62 	178	171	75	177.49 	163.86 	189.50 	M
302.76	36.00 	60	19.82 	174	178	50	167.98 	174.14 	190.73 	M
331.24	53.29 	73	22.04 	182	159	75	154.41 	167.02 	182.96 	M
313.29	40.96 	64	20.43 	177	170	50	169.75 	172.53 	194.17 	M
342.25	49.00 	70	20.45 	185	160	81	178.37 	173.09 	193.36 	M
306.25	46.24 	68	22.20 	175	166	70	157.46 	174.01 	190.38 	M
327.61	42.25 	65	19.84 	181	173	57	157.07 	171.05 	171.18 	M
282.24	30.25 	55	19.49 	168	164	65	162.23 	166.60 	195.45 	M
324	36.00 	60	18.52 	180	175	66	166.08 	164.63 	155.75 	M
306.25	38.44 	62	20.24 	175	170	72	182.81 	168.85 	156.82 	M
272.25	56.25 	75	27.55 	165	178	75	155.29 	161.71 	178.28 	M
272.25	36.00 	60	22.04 	165	175	70	167.30 	167.96 	175.96 	M
289	36.00 	60	20.76 	170	164	65	166.70 	166.52 	158.32 	M
324	49.00 	70	21.60 	180	172	67	168.11 	178.13 	184.11 	M
316.84	30.25 	55	17.36 	178	164	67	193.64 	181.20 	156.47 	M
316.84	36.00 	60	18.94 	178	175	76	183.01 	164.58 	157.13 	M
289	30.25 	55	19.03 	170	164	75	181.16 	174.37 	151.85 	M
306.25	49.00 	70	22.86 	175	160	59	183.19 	170.36 	172.19 	M
320.41	64.00 	80	24.97 	179	155	54.5	171.61 	176.73 	169.43 	M
306.25	56.25 	75	24.49 	175	164	49	163.38 	162.67 	181.80 	M
289	37.21 	61	21.11 	170	173	50	169.07 	168.03 	189.55 	M
313.29	46.24 	68	21.71 	177	183	55	147.55 	168.13 	155.23 	M
331.24	50.41 	71	21.43 	182	162	70	183.26 	172.43 	168.18 	M
331.24	42.25 	65	19.62 	182	178	51	177.80 	177.35 	185.53 	M
295.84	36.00 	60	20.28 	172	170	63.5	160.11 	169.48 	148.95 	M
292.41	33.64 	58	19.84 	171	169	80	179.20 	166.45 	187.49 	M
342.25	64.00 	80	23.37 	185	160	53	167.79 	174.59 	177.29 	M
327.61	56.25 	75	22.89 	181	173	55	189.08 	165.27 	178.06 	M
299.29	37.21 	61	20.38 	173	178	47	189.26 	172.80 	177.29 	M
299.29	56.25 	75	25.06 	173	160	70	189.99 	173.12 	181.57 	M
324	46.24 	68	20.99 	180	163	48	187.93 	168.66 	165.99 	M
309.76	42.25 	65	20.98 	176	169	40	191.71 	170.79 	154.55 	M
289	44.89 	67	23.18 	170	171	62	163.34 	171.51 	176.03 	M
295.84	42.25 	65	21.97 	172	170	95	170.92 	164.05 	149.27 	M
324	36.00 	60	18.52 	180	170	65	176.30 	176.18 	196.28 	M
316.84	36.00 	60	18.94 	178	164	59	188.84 	170.43 	171.23 	M
309.76	54.76 	74	23.89 	176	185	58	176.18 	158.88 	150.68 	M
309.76	54.76 	74	23.89 	176	160	69	167.99 	161.77 	197.09 	M
334.89	56.25 	75	22.40 	183	183	71	159.23 	175.30 	157.44 	M
306.25	72.25 	85	27.76 	175	168	69	166.10 	159.55 	202.35 	M
324	46.24 	68	20.99 	180	160	54	188.62 	172.35 	164.01 	M
292.41	25.00 	50	17.10 	171	165	49	161.32 	170.24 	202.27 	M
334.89	57.76 	76	22.69 	183	163	68	160.03 	172.09 	177.43 	M
324	49.00 	70	21.60 	180	175	53	151.72 	171.49 	173.06 	M
316.84	36.00 	60	18.94 	178	173	70	172.23 	165.13 	160.98 	M
313.29	30.25 	55	17.56 	177	167	56	151.87 	164.80 	187.48 	M
299.29	36.00 	60	20.05 	173	175	48	185.87 	172.96 	194.91 	M
324	47.61 	69	21.30 	180	158	71	191.89 	168.73 	180.32 	M
324	56.25 	75	23.15 	180	168	47	165.67 	167.95 	184.20 	M
289	30.25 	55	19.03 	170	172	54	180.47 	178.36 	154.37 	M
309.76	42.25 	65	20.98 	176	178	65	171.02 	171.48 	197.56 	M
306.25	49.00 	70	22.86 	175	170	49	188.22 	172.94 	187.41 	M
334.89	53.29 	73	21.80 	183	168	89	170.20 	160.63 	165.20 	M
302.76	38.44 	62	20.48 	174	180	65	185.15 	173.67 	189.90 	M
331.24	49.00 	70	21.13 	182	153	57	178.41 	171.09 	178.78 	M
309.76	33.64 	58	18.72 	176	162	49	170.56 	170.16 	172.59 	M
295.84	37.21 	61	20.62 	172	172	48	155.70 	163.81 	189.03 	M
309.76	37.21 	61	19.69 	176	177	59	157.79 	170.06 	150.96 	M
327.61	47.61 	69	21.06 	181	176	54	170.57 	172.14 	175.03 	M
306.25	42.25 	65	21.22 	175	182	77	164.29 	174.11 	204.38 	M
313.29	42.25 	65	20.75 	177	180	50	166.06 	170.27 	170.55 	M
289	32.49 	57	19.72 	170	187	50	172.88 	167.57 	159.85 	M
324	56.25 	75	23.15 	180	181	49	179.48 	162.16 	184.26 	M
289	46.24 	68	23.53 	170	162	55	176.42 	166.89 	170.14 	M
324	39.69 	63	19.44 	180	164	78	172.64 	168.42 	191.41 	M
338.56	42.25 	65	19.20 	184	167	63	164.86 	175.50 	196.84 	M
309.76	53.29 	73	23.57 	176	172	51	163.76 	173.75 	148.86 	M
313.29	38.44 	62	19.79 	177	178	60	192.24 	172.60 	153.67 	M
316.84	34.81 	59	18.62 	178	185	54	155.61 	169.72 	151.43 	M
289	51.84 	72	24.91 	170	175	63	169.37 	170.30 	187.05 	M
306.25	44.89 	67	21.88 	175	160	47	162.30 	165.75 	170.23 	M
320.41	64.00 	80	24.97 	179	174	53	175.74 	161.59 	204.08 	M
324	49.00 	70	21.60 	180	180	65	166.89 	176.85 	171.06 	M
285.61	39.69 	63	22.06 	169	165	75	170.82 	168.68 	203.05 	M
345.96	70.56 	84	24.28 	186	172	55	173.41 	172.41 	189.58 	M
309.76	53.29 	73	23.57 	176	163	43	160.09 	169.95 	182.95 	M
324	46.24 	68	20.99 	180	173	73	183.18 	169.66 	152.46 	M
278.89	34.81 	59	21.16 	167	185	67	173.29 	177.50 	182.07 	M
342.25	38.44 	62	18.12 	185	168	73	146.17 	168.37 	199.69 	M
345.96	46.24 	68	19.66 	186	170	55	186.24 	174.38 	186.37 	M
338.56	75.69 	87	25.70 	184	181	60	170.10 	168.53 	186.51 	M
324	90.25 	95	29.32 	180	173	52	176.17 	172.63 	153.73 	M
306.25	31.36 	56	18.29 	175	186	55	166.82 	178.75 	174.17 	M
324	102.01 	101	31.17 	180	166	48	153.82 	163.58 	202.40 	M
331.24	60.84 	78	23.55 	182	160	80	167.30 	167.31 	148.01 	M
306.25	39.69 	63	20.57 	175	155	52	183.47 	167.58 	186.53 	M
316.84	53.29 	73	23.04 	178	158	52	173.96 	161.53 	156.57 	M
289	42.25 	65	22.49 	170	164	67	166.88 	168.55 	186.09 	M
313.29	49.00 	70	22.34 	177	174	68	176.45 	168.26 	161.48 	M
309.76	44.89 	67	21.63 	176	172	55	165.46 	181.33 	201.55 	M
327.61	90.25 	95	29.00 	181	158	43	186.78 	170.14 	195.31 	M
299.29	51.84 	72	24.06 	173	184	46.5	167.45 	177.11 	155.23 	M
334.89	72.25 	85	25.38 	183	179	50	179.55 	163.08 	186.95 	M
316.84	56.25 	75	23.67 	178	158	54	164.28 	171.13 	201.09 	M
272.25	30.25 	55	20.20 	165	183	55	174.14 	172.09 	185.63 	M
295.84	36.00 	60	20.28 	172	170	50	186.94 	178.55 	193.42 	M
299.29	40.96 	64	21.38 	173	160	50	170.27 	170.26 	162.70 	M
316.84	49.00 	70	22.09 	178	165	57.5	171.22 	169.81 	172.23 	M
302.76	42.25 	65	21.47 	174	176	56	138.63 	169.31 	168.08 	M
272.25	27.04 	52	19.10 	165	163	70	168.69 	158.37 	170.46 	M
278.89	37.21 	61	21.87 	167	170	72	170.53 	169.47 	203.46 	M
316.84	34.81 	59	18.62 	178	164	47	186.07 	171.24 	176.19 	M
289	51.84 	72	24.91 	170	170	130	166.87 	167.14 	192.34 	M
306.25	44.89 	67	21.88 	175	170	72	164.94 	170.91 	149.84 	M
320.41	64.00 	80	24.97 	179	179	70	176.03 	163.85 	197.88 	M
324	49.00 	70	21.60 	180	176	61	172.40 	170.27 	167.94 	M
285.61	39.69 	63	22.06 	169	170	76	168.59 	168.18 	201.19 	M
345.96	70.56 	84	24.28 	186	158	53	173.19 	168.91 	163.25 	M
309.76	53.29 	73	23.57 	176	165	45	169.86 	171.45 	168.45 	M
324	46.24 	68	20.99 	180	185	47	185.36 	164.35 	167.69 	M
278.89	34.81 	59	21.16 	167	159	68	183.32 	172.62 	166.53 	M
342.25	38.44 	62	18.12 	185	178	66	168.53 	165.07 	199.39 	M
289	42.25 	65	22.49 	170	163	63	170.98 	169.90 	188.19 	M
295.84	36.00 	60	20.28 	172	162	55	175.75 	178.39 	178.80 	M
324	53.29 	73	22.53 	180	158	94	178.57 	169.48 	184.44 	M
309.76	47.61 	69	22.28 	176	163	68	157.68 	161.78 	193.74 	M
316.84	42.25 	65	20.52 	178	158	49	176.14 	162.98 	173.01 	M
309.76	40.96 	64	20.66 	176	174	60	154.01 	161.74 	158.84 	M
324	47.61 	69	21.30 	180	163	45	150.34 	171.27 	171.50 	M
272.25	39.69 	63	23.14 	165	170	60	170.56 	167.83 	197.43 	M
282.24	40.96 	64	22.68 	168	178	55	163.30 	171.88 	153.79 	M
324	51.84 	72	22.22 	180	186	62	169.57 	168.48 	160.96 	M
265.69	46.24 	68	25.59 	163	184	50	167.04 	171.47 	172.22 	M
327.61	56.25 	75	22.89 	181	162	57	178.84 	161.58 	155.34 	M
306.25	38.44 	62	20.24 	175	168	75	155.95 	167.01 	157.18 	M
327.61	60.84 	78	23.81 	181	158	75	162.70 	168.22 	165.65 	M
289	72.25 	85	29.41 	170	173	51	162.57 	172.98 	202.15 	M
316.84	49.00 	70	22.09 	178	180	50.5	155.20 	164.33 	159.61 	M
309.76	56.25 	75	24.21 	176	178	43	174.50 	172.65 	179.09 	M
302.76	38.44 	62	20.48 	174	168	67	186.87 	176.37 	200.76 	M
306.25	42.25 	65	21.22 	175	161	45	188.71 	179.51 	196.79 	M
299.29	46.24 	68	22.72 	173	167	48	165.78 	166.46 	195.28 	M
282.24	36.00 	60	21.26 	168	180	75	181.14 	172.10 	161.60 	M
289	38.44 	62	21.45 	170	170	70	158.55 	167.45 	171.64 	M
306.25	42.25 	65	21.22 	175	155	60	161.67 	164.76 	177.37 	M
327.61	49.00 	70	21.37 	181	165	51	176.80 	180.10 	170.50 	M
324	46.92 	68.5	21.14 	180	173	68	167.73 	169.43 	183.39 	M
306.25	36.00 	60	19.59 	175	177	52	172.22 	165.22 	164.12 	M
320.41	43.56 	66	20.60 	179	175	73	156.63 	180.38 	151.19 	M
313.29	49.00 	70	22.34 	177	156	49	161.24 	165.11 	194.61 	M
359.1025	61.62 	78.5	21.86 	189.5	180	54	160.42 	172.29 	168.96 	M
316.84	39.69 	63	19.88 	178	185	42	154.42 	168.72 	149.90 	M
289	42.25 	65	22.49 	170	188	55	160.00 	173.52 	161.21 	M
299.29	44.89 	67	22.39 	173	163	43	164.24 	173.08 	184.20 	M
316.84	49.00 	70	22.09 	178	180	49	166.78 	178.23 	190.02 	M
327.61	39.69 	63	19.23 	181	169	68	173.42 	166.35 	159.05 	M
272.25	51.84 	72	26.45 	165	165	58	176.98 	175.73 	152.28 	M
299.29	38.44 	62	20.72 	173	182	42	171.76 	171.10 	186.94 	M
306.25	36.00 	60	19.59 	175	160	68	184.64 	170.89 	170.89 	M
316.84	53.29 	73	23.04 	178	180	89	165.84 	182.58 	149.31 	M
289	29.16 	54	18.69 	170	170	60	174.45 	173.97 	172.04 	M
295.84	44.89 	67	22.65 	172	180	49	184.38 	183.73 	186.27 	M
316.84	36.00 	60	18.94 	178	171	47	171.03 	165.35 	153.60 	M
309.76	43.56 	66	21.31 	176	166	52	153.70 	170.49 	156.21 	M
331.24	42.25 	65	19.62 	182	182	70	158.58 	170.56 	156.17 	M
316.84	60.84 	78	24.62 	178	174	66	192.13 	175.49 	160.68 	M
309.76	36.00 	60	19.37 	176	163	52	163.27 	169.19 	188.65 	M
299.29	49.00 	70	23.39 	173	178	58	163.55 	170.14 	164.38 	M
338.56	34.81 	59	17.43 	184	161	55	162.63 	169.45 	196.12 	M
299.29	43.56 	66	22.05 	173	162	50	170.91 	168.33 	171.53 	M
289	36.00 	60	20.76 	170	165	50	165.49 	168.84 	155.39 	M
316.84	60.84 	78	24.62 	178	176	48	155.14 	167.75 	150.39 	M
282.24	29.16 	54	19.13 	168	163	49	174.70 	171.60 	154.91 	M
309.76	42.25 	65	20.98 	176	164	46	160.59 	174.66 	148.50 	M
299.29	39.69 	63	21.05 	173	155	81.7	169.72 	167.59 	180.93 	M
338.56	49.00 	70	20.68 	184	158	73	165.08 	171.48 	162.40 	M
316.84	49.00 	70	22.09 	178	169	40	171.72 	174.23 	192.17 	M
324	49.00 	70	21.60 	180	168	58	160.88 	167.67 	148.36 	M
306.25	77.44 	88	28.73 	175	168	58	163.41 	169.78 	177.37 	M
376.36	68.89 	83	22.05 	194	161	60	167.90 	160.38 	160.02 	M
306.25	44.89 	67	21.88 	175	156	51	167.46 	172.59 	168.31 	M
295.84	64.00 	80	27.04 	172	170	88	167.25 	168.78 	185.37 	M
313.29	79.21 	89	28.41 	177	160	70	189.29 	163.66 	151.54 	M
309.76	49.00 	70	22.60 	176	182	52	164.61 	170.95 	174.01 	M
324	72.25 	85	26.23 	180	167	64	173.02 	164.56 	155.58 	M
295.84	51.84 	72	24.34 	172	178	78	154.61 	178.30 	164.25 	M
316.84	33.64 	58	18.31 	178	175	56	164.32 	166.88 	194.12 	M
324	72.25 	85	26.23 	180	179	54	173.03 	160.42 	195.75 	M
295.84	56.25 	75	25.35 	172	176	54	159.91 	169.94 	187.19 	M
327.61	42.25 	65	19.84 	181	173	65	161.65 	166.64 	154.08 	M
299.29	36.00 	60	20.05 	173	160	60	159.05 	159.75 	192.12 	M
334.89	62.41 	79	23.59 	183	176	90	182.76 	171.89 	191.69 	M
292.41	72.25 	85	29.07 	171	167	68	164.80 	165.25 	164.19 	M
320.41	49.00 	70	21.85 	179	171	74	175.55 	175.87 	184.28 	M
320.41	49.00 	70	21.85 	179	173	63	182.79 	169.19 	198.20 	M
309.76	56.25 	75	24.21 	176	180	68	158.39 	178.70 	190.70 	M
342.25	51.84 	72	21.04 	185	165	73	160.90 	167.40 	166.17 	M
316.84	44.89 	67	21.15 	178	179	65	183.05 	175.94 	153.15 	M
324	51.84 	72	22.22 	180	155	63	159.94 	165.43 	204.68 	M
316.84	36.00 	60	18.94 	178	163	47	167.77 	164.01 	149.86 	M
324	33.64 	58	17.90 	180	164	60	177.70 	166.55 	162.37 	M
327.61	42.25 	65	19.84 	181	172	70	175.91 	165.59 	155.46 	M
289	36.00 	60	20.76 	170	167	48	170.24 	173.53 	154.42 	M
292.41	72.25 	85	29.07 	171	167	47.5	177.92 	166.85 	160.33 	M
324	42.25 	65	20.06 	180	176	47	181.33 	177.58 	163.31 	M
302.76	44.89 	67	22.13 	174	165	55	168.47 	171.17 	195.93 	M
299.29	28.09 	53	17.71 	173	157	51	163.18 	183.54 	177.54 	M
306.25	42.25 	65	21.22 	175	171	84	155.46 	171.24 	171.66 	M
272.25	50.41 	71	26.08 	165	181	57	171.01 	162.88 	202.22 	M
282.24	64.00 	80	28.34 	168	170	66	178.37 	167.37 	192.49 	M
331.24	51.84 	72	21.74 	182	178	69	179.60 	172.44 	155.27 	M
302.76	34.81 	59	19.49 	174	170	75	165.57 	156.55 	176.39 	M
316.84	36.60 	60.5	19.09 	178	163	60	154.18 	162.66 	200.88 	M
324	64.00 	80	24.69 	180	155	90	162.69 	168.62 	159.20 	M
349.69	54.76 	74	21.16 	187	172	54	181.43 	178.48 	184.74 	M
306.25	38.44 	62	20.24 	175	176	49	173.94 	164.38 	167.28 	M
324	52.56 	72.5	22.38 	180	178	63	164.64 	165.68 	188.39 	M
320.41	46.24 	68	21.22 	179	171	51.5	159.58 	172.97 	189.73 	M
342.25	62.41 	79	23.08 	185	175	72	170.85 	169.35 	183.29 	M
292.41	44.89 	67	22.91 	171	171	67	179.01 	172.52 	198.73 	M
282.24	46.24 	68	24.09 	168	165	63	151.88 	166.04 	152.68 	M
313.29	39.69 	63	20.11 	177	180	66	183.77 	166.29 	158.49 	M
327.61	49.00 	70	21.37 	181	195	46	190.40 	169.11 	165.45 	M
324	46.24 	68	20.99 	180	178	82	174.82 	174.43 	151.07 	M
324	54.76 	74	22.84 	180	158	55	182.06 	164.02 	185.37 	M
302.76	49.00 	70	23.12 	174	185	54	160.61 	172.44 	157.02 	M
345.96	64.00 	80	23.12 	186	176	62	166.52 	170.33 	178.50 	M
299.29	24.01 	49	16.37 	173	162	49	175.17 	166.41 	204.77 	M
320.41	29.16 	54	16.85 	179	176	55	166.79 	167.29 	167.16 	M
316.84	45.56 	67.5	21.30 	178	160	60	170.68 	160.79 	166.11 	M