9.000000000000003553e+00 2.099999999999999645e+01 2.099999999999999645e+01
2.039031670161612908e+00 5.922104613091594416e+00 9.000000000000003553e+00
2.358829465685989835e+00 -8.942467708175335872e+00 0.000000000000000000e+00
2.652458547077198858e+00 -1.981781989668411903e+00 -3.431939213232411134e+00
2.873828365650257233e+00 9.184906378675505856e-01 -6.590847751606598415e+00
2.963039790145167718e+00 2.127798081698590860e+00 -1.377567435178548294e+00
2.852925143378821637e+00 2.548735956653436219e+00 9.623681965788843939e-01
2.483447319692100308e+00 2.504530049030604388e+00 1.877877936127589908e+00
1.823612056949617255e+00 2.104658195685531474e+00 2.014556420610849052e+00
8.953414520351854478e-01 1.404272494659086767e+00 1.662825074297842320e+00
-2.121872188406603854e-01 4.762850351119851666e-01 9.806928449615393006e-01
-1.350818549135417435e+00 -5.643075664890018217e-01 9.780592914236496682e-02
-2.349268700386688558e+00 -1.571247222907019570e+00 -8.487338363950458486e-01
-3.064990808448246895e+00 -2.401544172820027079e+00 -1.719941031592684411e+00
-3.427210952319272863e+00 -2.954818390165607767e+00 -2.400267436905179075e+00
-3.449435263139386532e+00 -3.197058009461442030e+00 -2.822067475598393216e+00
-3.208798907919943044e+00 -3.158678746548384542e+00 -2.974800950119136367e+00
-2.808598908352923917e+00 -2.912052417916140001e+00 -2.895929234102863070e+00
-2.344696229953726618e+00 -2.542660458713263960e+00 -2.650432424091980543e+00
-1.887197629453667425e+00 -2.126453372070998604e+00 -2.309161708923065159e+00
-1.477158270159137921e+00 -1.718543369071866556e+00 -1.933290562077625285e+00
-1.132083109154602418e+00 -1.351740850730113186e+00 -1.567032133108228198e+00
-8.540405634039638372e-01 -1.040693138052670719e+00 -1.237048636872489116e+00
-6.367898926101567270e-01 -7.877552642166807395e-01 -9.556356308728810589e-01
-4.707261766309756013e-01 -5.882914953124036561e-01 -7.251268449168793984e-01
-3.457757922422111108e-01 -4.345392156730698563e-01 -5.419577021024387653e-01
-2.528223877037083511e-01 -3.180211503702276565e-01 -3.997378117105450102e-01
-1.842367876240880165e-01 -2.308385128228963856e-01 -2.912618510486873480e-01
-1.339295233626680570e-01 -1.662277958949983092e-01 -2.096551524757069573e-01
-9.718668294679488895e-02 -1.186908033012669811e-01 -1.489162758052179625e-01
-7.043355919326366177e-02 -8.390895087079612569e-02 -1.040875859618708987e-01
-5.099749897749195071e-02 -5.856957804757107616e-02 -7.122297244989146681e-02
-3.689997758910212866e-02 -4.017374969025988563e-02 -4.726230740193022861e-02
-2.668653286869826502e-02 -2.685877993773927441e-02 -2.987667613110797649e-02
-1.929325679189464182e-02 -1.724816661459505768e-02 -1.731781502482362955e-02
-1.394468158107731171e-02 -1.033103521792019808e-02 -8.286545734530748053e-03
-1.007701556509310592e-02 -5.368389281465990592e-03 -1.824611594008762605e-03
-7.281110967038983972e-03 -1.821774100135079011e-03 2.770877206308836049e-03
-5.260436123526446295e-03 7.001981453726852100e-04 6.013381481552587671e-03
-3.800281666412885784e-03 2.481515122931335360e-03 8.276842180898191792e-03
-2.745289203471834583e-03 3.727969722014876086e-03 9.832975277900557476e-03
-1.983100520019931423e-03 4.588548571688721989e-03 1.087888423280364281e-02
-1.432484797398991816e-03 5.171035894991973803e-03 1.155736718758376691e-02
-1.034730209390488653e-03 5.553365755211203680e-03 1.197177888381584232e-02
-7.474089990422427832e-04 5.791864627952281186e-03 1.219686874246311836e-02
-5.398650904364643566e-04 5.927227510372952424e-03 1.228666401755576509e-02
-3.899501424120543902e-04 5.988846220375092233e-03 1.228019278071708353e-02
-2.816635784741450266e-04 5.997941894261386853e-03 1.220563290712899096e-02
-2.034467200306977475e-04 5.969830801357822736e-03 1.208331693238480498e-02
-1.469499796291628968e-04 5.915562617331351913e-03 1.192790667003444660e-02
-1.061420637515908538e-04 5.843104619584690851e-03 1.174996614378677473e-02
-7.666637306336099300e-05 5.758197487884149368e-03 1.155709886997945135e-02
-5.537603693372972202e-05 5.664973673942634569e-03 1.135476990761441485e-02
-3.999802141052555271e-05 5.566404171222956443e-03 1.114689993134750090e-02
-2.889049055987413794e-05 5.464621276167480612e-03 1.093629448509714219e-02
-2.086753539298769056e-05 5.361151741028365170e-03 1.072495410730317511e-02
-1.507256910393550697e-05 5.257085197662367260e-03 1.051429836492777381e-02
-1.088687698658219460e-05 5.153195808266855527e-03 1.030532769037202645e-02
-7.863561681809017045e-06 5.050030134233496337e-03 1.009874027180834855e-02
-5.679828571913958513e-06 4.947970601169790483e-03 9.895016483360552506e-03
-4.102523907256738767e-06 4.847281333499112166e-03 9.694479860323235165e-03
-2.963241132469818240e-06 4.748141260448417167e-03 9.497341131300754413e-03
-2.140340473744117844e-06 4.650668015292840074e-03 9.303730016457026353e-03
-1.545961576532306481e-06 4.554935203408584654e-03 9.113718184902003250e-03
-1.116643471021916412e-06 4.460984860120975615e-03 8.927335826740337432e-03
-8.065482859365147306e-07 4.368836451723971670e-03 8.744583614507320246e-03
-5.825674298520766570e-07 4.278493366673338794e-03 8.565441334573639653e-03
-4.207866988181763190e-07 4.189947603695856615e-03 8.389874111276798829e-03
-3.039329099507881438e-07 4.103183149470890356e-03 8.217836895254015950e-03
-2.195298343110607675e-07 4.018178417816015147e-03 8.049277695854895054e-03
-1.585657338765145141e-07 3.934908004125901859e-03 7.884139908493556503e-03
-1.145316774753268874e-07 3.853343948882273495e-03 7.722363986372299260e-03
-8.272584839374985677e-08 3.773456647407046061e-03 7.563888639605664821e-03
-5.975255845669380506e-08 3.695215501551135651e-03 7.408651697135490433e-03
-4.315911183994103340e-08 3.618589387277305891e-03 7.256590716231345328e-03
-3.117374358652114097e-08 3.543546985758198875e-03 7.107643417988349088e-03
-2.251665964791982333e-08 3.470057023141036312e-03 6.961747996692066454e-03
-1.626375922825218368e-08 3.398088437384233496e-03 6.818843331000828956e-03
-1.174727426445087985e-08 3.327610493513294410e-03 6.678869132123871344e-03
-8.485083746734289889e-09 3.258592866173925379e-03 6.541766047441568976e-03
-6.128755281054054649e-09 3.191005694060250475e-03 6.407475719257677005e-03
-4.426703448245916661e-09 3.124819616736607131e-03 6.275940830852942687e-03
-3.197402342891564331e-09 3.060005795554598951e-03 6.147105127020310866e-03
-2.309463731364758132e-09 2.996535929321413050e-03 6.020913425018384335e-03
-1.668172266988676711e-09 2.934382258604571053e-03 5.897311612163731731e-03
-1.204805144539022876e-09 2.873517565198102641e-03 5.776246645636425037e-03
-8.703437970325467177e-10 2.813915176776340260e-03 5.657666539726456667e-03
-6.286304810032561363e-10 2.755548951989990336e-03 5.541520351676904044e-03
-4.540012810139160138e-10 2.698393282808929372e-03 5.427758169036268898e-03
-3.278799454164982308e-10 2.642423083183548238e-03 5.316331091480552828e-03
-2.369437979155009089e-10 2.587613780386261580e-03 5.207191214406797775e-03
-1.710098729290621122e-10 2.533941306268067822e-03 5.100291608859594539e-03
-1.236566404827499355e-10 2.481382089915898370e-03 4.995586306181104552e-03
-8.928857653245358961e-11 2.429913045460148358e-03 4.893030276383880661e-03
-6.445954880973658874e-11 2.379511566127437416e-03 4.792579412750408441e-03
-4.653166740808956092e-11 2.330155511058931705e-03 4.694190510643111991e-03
-3.371081191971825319e-11 2.281823198635977989e-03 4.597821251839662171e-03
-2.433164780768493074e-11 2.234493395326594967e-03 4.503430185287780885e-03
-1.759925538635798148e-11 2.188145308429957636e-03 4.410976710770113385e-03
-1.265654248072678456e-11 2.142758575910553437e-03 4.320421059649179329e-03
-9.046097204645775491e-12 2.098313258385164914e-03 4.231724280206808353e-03
-6.576961197879427345e-12 2.054789828703981747e-03 4.144848218698461706e-03
-4.769518113789672498e-12 2.012169166282287702e-03 4.059755505323135727e-03
-3.455014052633487154e-12 1.970432545238647026e-03 3.976409536714901882e-03
-2.464695114667847520e-12 1.929561628581325655e-03 3.894774461217082040e-03
-1.807443084089754848e-12 1.889538461822409809e-03 3.814815161133182364e-03
-1.318944953254685970e-12 1.850345457814119715e-03 3.736497241944233827e-03
-9.858780458671390079e-13 1.811965400110391450e-03 3.659787011810466950e-03
-6.572520305780926719e-13 1.774381424658171696e-03 3.584651473301711522e-03
-4.929390229335695039e-13 1.737577020243172288e-03 3.511058305359603116e-03
-3.286260152890463360e-13 1.701536016511049493e-03 3.438975849761605197e-03
-3.241851231905457098e-13 1.666242579244168326e-03 3.368373097661012117e-03
-1.687538997430237941e-13 1.631681201531435046e-03 3.299219677451448174e-03
-1.643130076445231680e-13 1.597836700445278216e-03 3.231485840303732066e-03
0.000000000000000000e+00 1.564694204651525047e-03 3.165142448483607152e-03
0.000000000000000000e+00 1.532239154263008094e-03 3.100160961968072282e-03
0.000000000000000000e+00 1.500457289840108691e-03 3.036513426358800061e-03
0.000000000000000000e+00 1.469334648362824458e-03 2.974172460517461591e-03
0.000000000000000000e+00 1.438857555659560014e-03 2.913111246738344512e-03
0.000000000000000000e+00 1.409012622095679942e-03 2.853303515950814800e-03
0.000000000000000000e+00 1.379786735374328305e-03 2.794723539650961763e-03
0.000000000000000000e+00 1.351167055135020154e-03 2.737346116212426711e-03
0.000000000000000000e+00 1.323141007095402291e-03 2.681146562594580868e-03
0.000000000000000000e+00 1.295696278106632168e-03 2.626100701360167128e-03
0.000000000000000000e+00 1.268820810896922890e-03 2.572184850741249945e-03
0.000000000000000000e+00 1.242502797348422894e-03 2.519375816946948371e-03
0.000000000000000000e+00 1.216730674428881734e-03 2.467650880045857420e-03
0.000000000000000000e+00 1.191493119635043257e-03 2.416987787839091489e-03
0.000000000000000000e+00 1.166779045518786390e-03 2.367364744221382711e-03
0.000000000000000000e+00 1.142577592665016545e-03 2.318760401734953902e-03
0.000000000000000000e+00 1.118878128939107888e-03 2.271153848427322902e-03
0.000000000000000000e+00 1.095670241904522432e-03 2.224524603446579457e-03
0.000000000000000000e+00 1.072943736001238935e-03 2.178852605944411186e-03
0.000000000000000000e+00 1.050688624785961825e-03 2.134118207865950967e-03
0.000000000000000000e+00 1.028895131691756615e-03 2.090302162162816640e-03
0.000000000000000000e+00 1.007553681268043289e-03 2.047385618471064817e-03
0.000000000000000000e+00 9.866548981130734974e-04 2.005350111887391207e-03
0.000000000000000000e+00 9.661895990597732520e-04 1.964177559228407616e-03
0.000000000000000000e+00 9.461487934122637944e-04 1.923850245181234209e-03
0.000000000000000000e+00 9.265236768340665008e-04 1.884350820419156136e-03
0.000000000000000000e+00 9.073056257876636194e-04 1.845662290552753382e-03
0.000000000000000000e+00 8.884861975961850372e-04 1.807768009946270765e-03
0.000000000000000000e+00 8.700571248037008293e-04 1.770651675165480637e-03
0.000000000000000000e+00 8.520103087901551714e-04 1.734297318275821592e-03
0.000000000000000000e+00 8.343378222028068059e-04 1.698689295898895418e-03
0.000000000000000000e+00 8.170319002975779885e-04 1.663812289359745122e-03
0.000000000000000000e+00 8.000849388740743570e-04 1.629651292790025921e-03
0.000000000000000000e+00 7.834894938456857597e-04 1.596191607231636778e-03
0.000000000000000000e+00 7.672382728998294182e-04 1.563418838029387650e-03
0.000000000000000000e+00 7.513241369043683129e-04 1.531318883570458381e-03
0.000000000000000000e+00 7.357400930588448365e-04 1.499877932947951686e-03
0.000000000000000000e+00 7.204792951916996410e-04 1.469082459060562160e-03
0.000000000000000000e+00 7.055350385436415586e-04 1.438919210491928016e-03
0.000000000000000000e+00 6.909007569454519992e-04 1.409375210411657753e-03
0.000000000000000000e+00 6.765700217906079825e-04 1.380437746026988433e-03
0.000000000000000000e+00 6.625365356669648056e-04 1.352094367437625330e-03
0.000000000000000000e+00 6.487941335809113697e-04 1.324332879172190891e-03
0.000000000000000000e+00 6.353367779188268116e-04 1.297141335622571320e-03
0.000000000000000000e+00 6.221585565522550626e-04 1.270508037236675603e-03
0.000000000000000000e+00 6.092536785238427191e-04 1.244421525263992787e-03
0.000000000000000000e+00 5.966164752966825538e-04 1.218870575295629213e-03
0.000000000000000000e+00 5.842413939284541932e-04 1.193844191974208560e-03
0.000000000000000000e+00 5.721229982736525388e-04 1.169331607621853023e-03
0.000000000000000000e+00 5.602559633592152713e-04 1.145322274803857454e-03
0.000000000000000000e+00 5.486350755843586585e-04 1.121805863696567415e-03
0.000000000000000000e+00 5.372552294463477096e-04 1.098772254081335428e-03
0.000000000000000000e+00 5.261114255949647656e-04 1.076211536219714993e-03
0.000000000000000000e+00 5.151987673368899068e-04 1.054114000640874599e-03
0.000000000000000000e+00 5.045124609922516795e-04 1.032470140396885699e-03
0.000000000000000000e+00 4.940478108938746796e-04 1.011270642564138927e-03
0.000000000000000000e+00 4.838002198389191461e-04 9.905063841684005888e-04
0.000000000000000000e+00 4.737651849926697439e-04 9.701684301477529054e-04
0.000000000000000000e+00 4.639382979493809900e-04 9.502480306805734245e-04
0.000000000000000000e+00 4.543152416315501124e-04 9.307366118299804925e-04
0.000000000000000000e+00 4.448917871972390276e-04 9.116257795501684497e-04
0.000000000000000000e+00 4.356637953334928370e-04 8.929073093073575801e-04
0.000000000000000000e+00 4.266272114820121933e-04 8.745731469598626989e-04
0.000000000000000000e+00 4.177780656725938249e-04 8.566154031938461727e-04
0.000000000000000000e+00 4.091124696111716683e-04 8.390263497481259547e-04
0.000000000000000000e+00 4.006266153745653875e-04 8.217984190521648163e-04
0.000000000000000000e+00 3.923167768343956141e-04 8.049241964545221853e-04
0.000000000000000000e+00 3.841793010641745762e-04 7.883964215696977890e-04
0.000000000000000000e+00 3.762106138560650237e-04 7.722079819050264859e-04
0.000000000000000000e+00 3.684072143997569118e-04 7.563519114134505117e-04
0.000000000000000000e+00 3.607656731459884733e-04 7.408213863726014620e-04
0.000000000000000000e+00 3.532826343411246683e-04 7.256097236042063914e-04
0.000000000000000000e+00 3.459548087551703524e-04 7.107103779105655023e-04
0.000000000000000000e+00 3.387789782658269348e-04 6.961169365002090742e-04
0.000000000000000000e+00 3.317519889464975308e-04 6.818231208963448226e-04
0.000000000000000000e+00 3.248707550282305817e-04 6.678227785933930905e-04
0.000000000000000000e+00 3.181322517064309220e-04 6.541098855733680495e-04
0.000000000000000000e+00 3.115335193127634870e-04 6.406785402632677109e-04
0.000000000000000000e+00 3.050716586591641771e-04 6.275229626372677907e-04
0.000000000000000000e+00 2.987438301761484970e-04 6.146374919271165721e-04
0.000000000000000000e+00 2.925472548339258690e-04 6.020165817357831656e-04
0.000000000000000000e+00 2.864792091141214921e-04 5.896548021815019996e-04
0.000000000000000000e+00 2.805370273075520268e-04 5.775468328647528210e-04
0.000000000000000000e+00 2.747180992633741804e-04 5.656874623314505149e-04
0.000000000000000000e+00 2.690198677814743984e-04 5.540715879992497150e-04
0.000000000000000000e+00 2.634398294297729884e-04 5.426942106651240494e-04
0.000000000000000000e+00 2.579755330549141426e-04 5.315504340649892384e-04
0.000000000000000000e+00 2.526245777410211606e-04 5.206354614372419101e-04
0.000000000000000000e+00 2.473846120714219901e-04 5.099445971072169917e-04
0.000000000000000000e+00 2.422533347471800616e-04 4.994732384668324962e-04
0.000000000000000000e+00 2.372284910397625887e-04 4.892168804602721813e-04
0.000000000000000000e+00 2.323078728023618075e-04 4.791711084864511833e-04
0.000000000000000000e+00 2.274893185278867823e-04 4.693315995952553055e-04
0.000000000000000000e+00 2.227707112803251760e-04 4.596941179177329445e-04
0.000000000000000000e+00 2.181499782894294470e-04 4.502545171977592048e-04
0.000000000000000000e+00 2.136250886348284826e-04 4.410087342880198227e-04
0.000000000000000000e+00 2.091940548934554528e-04 4.319527904284850214e-04
0.000000000000000000e+00 2.048549296966106856e-04 4.230827877659557382e-04
0.000000000000000000e+00 2.006058075638592845e-04 4.143949086344916530e-04
0.000000000000000000e+00 1.964448208719056510e-04 4.058854147790595494e-04
0.000000000000000000e+00 1.923701416424916568e-04 3.975506434181967468e-04
0.000000000000000000e+00 1.883799805382519593e-04 3.893870069625045109e-04
0.000000000000000000e+00 1.844725832716325765e-04 3.813909927025301017e-04
0.000000000000000000e+00 1.806462332601985014e-04 3.735591589420030924e-04
0.000000000000000000e+00 1.768992507513518671e-04 3.658881340416124221e-04
0.000000000000000000e+00 1.732299878607550074e-04 3.583746185002257070e-04
0.000000000000000000e+00 1.696368333439866177e-04 3.510153767448116573e-04
0.000000000000000000e+00 1.661182083694944401e-04 3.438072423408056362e-04
0.000000000000000000e+00 1.626725673561587888e-04 3.367471124317939976e-04
0.000000000000000000e+00 1.592983956671782664e-04 3.298319486457206191e-04
0.000000000000000000e+00 1.559942119086174007e-04 3.230587746081976623e-04
0.000000000000000000e+00 1.527585637951843836e-04 3.164246748508419207e-04
0.000000000000000000e+00 1.495900297415579672e-04 3.099267943652882565e-04
0.000000000000000000e+00 1.464872175148943835e-04 3.035623368937345398e-04
0.000000000000000000e+00 1.434487644615166715e-04 2.973285621541365241e-04
0.000000000000000000e+00 1.404733351511732072e-04 2.912227873113162370e-04
0.000000000000000000e+00 1.375596226908337803e-04 2.852423849510109591e-04
0.000000000000000000e+00 1.347063467139477614e-04 2.793847809900995571e-04
0.000000000000000000e+00 1.319122532759909802e-04 2.736474532055309557e-04
0.000000000000000000e+00 1.291761160372760855e-04 2.680279329922343606e-04
0.000000000000000000e+00 1.264967311556761814e-04 2.625238015202947632e-04
0.000000000000000000e+00 1.238729231639427737e-04 2.571326894230171328e-04
0.000000000000000000e+00 1.213035380806190295e-04 2.518522769554736376e-04
0.000000000000000000e+00 1.187874469548843171e-04 2.466802904258868882e-04
0.000000000000000000e+00 1.163235454937350255e-04 2.416145040606831884e-04
0.000000000000000000e+00 1.139107503151249711e-04 2.366527374927603934e-04
0.000000000000000000e+00 1.115480020721416627e-04 2.317928542479763716e-04
0.000000000000000000e+00 1.092342614681339735e-04 2.270327639268088053e-04
0.000000000000000000e+00 1.069685131409694231e-04 2.223704167109564860e-04
0.000000000000000000e+00 1.047497609268498598e-04 2.178038055400399742e-04
0.000000000000000000e+00 1.025770305657509570e-04 2.133309651465619197e-04
0.000000000000000000e+00 1.004493667883417374e-04 2.089499706265252749e-04
0.000000000000000000e+00 9.836583566791290423e-05 2.046589355331185616e-04
0.000000000000000000e+00 9.632552171103577875e-05 2.004560121171561349e-04
0.000000000000000000e+00 9.432752740596607455e-05 1.963393940863380170e-04
0.000000000000000000e+00 9.237097600100086913e-05 1.923073064548992857e-04
0.000000000000000000e+00 9.045500732938679955e-05 1.883580146170671203e-04
0.000000000000000000e+00 8.857878077122975126e-05 1.844898188066760279e-04
0.000000000000000000e+00 8.674146961686654122e-05 1.807010546107142967e-04
0.000000000000000000e+00 8.494226958972994884e-05 1.769900890940081292e-04
0.000000000000000000e+00 8.318038772895264971e-05 1.733553270612296984e-04
0.000000000000000000e+00 8.145505126726021103e-05 1.697952027175273718e-04
0.000000000000000000e+00 7.976550281825185804e-05 1.663081828743673361e-04
0.000000000000000000e+00 7.811099864763143639e-05 1.628927689753447566e-04
0.000000000000000000e+00 7.649081165135790741e-05 1.595474888659573817e-04
0.000000000000000000e+00 7.490423115571358866e-05 1.562709024671823845e-04
0.000000000000000000e+00 7.335055988733584203e-05 1.530615998173866406e-04
0.000000000000000000e+00 7.182911491065242446e-05 1.499181991751680817e-04
0.000000000000000000e+00 7.033922774243883159e-05 1.468393483251883083e-04
0.000000000000000000e+00 6.888024437053325358e-05 1.438237204940480581e-04
0.000000000000000000e+00 6.745152306089836122e-05 1.408700181211336878e-04
0.000000000000000000e+00 6.605243656573455552e-05 1.379769702126326138e-04
0.000000000000000000e+00 6.468237041224410549e-05 1.351433303471444997e-04
0.000000000000000000e+00 6.334072168596928572e-05 1.323678802100936025e-04
0.000000000000000000e+00 6.202690155987283707e-05 1.296494233817761625e-04
0.000000000000000000e+00 6.074033334776301248e-05 1.269867901703119334e-04
0.000000000000000000e+00 5.948045076290930499e-05 1.243788347327079435e-04
0.000000000000000000e+00 5.824670130149807272e-05 1.218244343300278667e-04
0.000000000000000000e+00 5.703854207151541969e-05 1.193224886554707358e-04
0.000000000000000000e+00 5.585544266780090653e-05 1.168719211894718706e-04
0.000000000000000000e+00 5.469688321557979356e-05 1.144716771702314513e-04
0.000000000000000000e+00 5.356235490634676973e-05 1.121207227681953952e-04
0.000000000000000000e+00 5.245135868939981329e-05 1.098180461455550670e-04
0.000000000000000000e+00 5.136340725601202476e-05 1.075626556607282500e-04
0.000000000000000000e+00 5.029802226001782927e-05 1.053535815946887288e-04
0.000000000000000000e+00 4.925473510793588073e-05 1.031898714211494910e-04
0.000000000000000000e+00 4.823308863377817049e-05 1.010705941173478542e-04
0.000000000000000000e+00 4.723263256799621829e-05 9.899483799362179468e-05
0.000000000000000000e+00 4.625292834662785967e-05 9.696170810383642619e-05
0.000000000000000000e+00 4.529354544588264867e-05 9.497033075629929613e-05
0.000000000000000000e+00 4.435406198366237309e-05 9.301984726143913348e-05
0.000000000000000000e+00 4.343406534242788422e-05 9.110941915735078049e-05
0.000000000000000000e+00 4.253315147202891069e-05 8.923822246087226209e-05
0.000000000000000000e+00 4.165092482814549855e-05 8.740545263889515012e-05
0.000000000000000000e+00 4.078699611868380698e-05 8.561032143631968835e-05
0.000000000000000000e+00 3.994098884674024972e-05 8.385205307488697007e-05
0.000000000000000000e+00 3.911252833107311914e-05 8.212989447776053616e-05
0.000000000000000000e+00 3.830125191554628258e-05 8.044310053655729861e-05
0.000000000000000000e+00 3.750680393488359243e-05 7.879094769432830932e-05
0.000000000000000000e+00 3.672883410284568956e-05 7.717272327164691886e-05
0.000000000000000000e+00 3.596699985130755693e-05 7.558773150254766929e-05
0.000000000000000000e+00 3.522096896380538323e-05 7.403528902242433908e-05
0.000000000000000000e+00 3.449041199576641801e-05 7.251472805262283196e-05
0.000000000000000000e+00 3.377500860235357850e-05 7.102539310133160200e-05
0.000000000000000000e+00 3.307444329555408883e-05 6.956664527561469760e-05
0.000000000000000000e+00 3.238840957882566443e-05 6.813785492691551773e-05
0.000000000000000000e+00 3.171660686063367766e-05 6.673840368816427379e-05
0.000000000000000000e+00 3.105873654751534771e-05 6.536769524823440349e-05
0.000000000000000000e+00 3.041451252287557735e-05 6.402513557716396804e-05
0.000000000000000000e+00 2.978365318972769817e-05 6.271014695827909716e-05
0.000000000000000000e+00 2.916587691589292344e-05 6.142216516965594286e-05
0.000000000000000000e+00 2.856091518266409227e-05 6.016063256371404887e-05
0.000000000000000000e+00 2.796850193501868205e-05 5.892500851330695778e-05
0.000000000000000000e+00 2.738837586406170626e-05 5.771476032075475732e-05
0.000000000000000000e+00 2.682028336642439115e-05 5.652936632453758534e-05
0.000000000000000000e+00 2.626397490793763853e-05 5.536831609427800630e-05
0.000000000000000000e+00 2.571920427873891917e-05 5.423111100077981916e-05
0.000000000000000000e+00 2.518573387918138012e-05 5.311726033049195880e-05
0.000000000000000000e+00 2.466332886393729365e-05 5.202628489042596723e-05
0.000000000000000000e+00 2.415175942822969960e-05 5.095771439981547531e-05
0.000000000000000000e+00 2.365080112998058375e-05 4.991108977632968463e-05
0.000000000000000000e+00 2.316023359124499514e-05 4.888595976522999535e-05
0.000000000000000000e+00 2.267984187602018137e-05 4.788188164650401032e-05
0.000000000000000000e+00 2.220941379508609040e-05 4.689842567651034090e-05
0.000000000000000000e+00 2.174874449231025786e-05 4.593516726037285593e-05
0.000000000000000000e+00 2.129762928393142416e-05 4.499169097837985021e-05
0.000000000000000000e+00 2.085587216060666394e-05 4.406759139633870332e-05
0.000000000000000000e+00 2.042327636305366176e-05 4.316247062829590107e-05
0.000000000000000000e+00 1.999965546351198148e-05 4.227593798804057598e-05
0.000000000000000000e+00 1.958482072531765746e-05 4.140761292832997615e-05
0.000000000000000000e+00 1.917858978991006467e-05 4.055712124858309835e-05
0.000000000000000000e+00 1.878078615965257463e-05 3.972409570633303726e-05
0.000000000000000000e+00 1.839123301731625162e-05 3.890817940447569186e-05
0.000000000000000000e+00 1.800975925939944850e-05 3.810901997310643143e-05
0.000000000000000000e+00 1.763619973771447824e-05 3.732627208726413837e-05
0.000000000000000000e+00 1.727038686305412641e-05 3.655960165945535724e-05
0.000000000000000000e+00 1.691216398547431871e-05 3.580867612843592011e-05
0.000000000000000000e+00 1.656136948239599256e-05 3.507317321038889730e-05
0.000000000000000000e+00 1.621785220621532915e-05 3.435277576520887922e-05
0.000000000000000000e+00 1.588145919114409914e-05 3.364717408404794283e-05
0.000000000000000000e+00 1.555204509891858038e-05 3.295606349359260024e-05
0.000000000000000000e+00 1.522946238681705325e-05 3.227914630632476925e-05
0.000000000000000000e+00 1.491357123025423086e-05 3.161613283219949413e-05
0.000000000000000000e+00 1.460423297354189096e-05 3.096673559318142022e-05
0.000000000000000000e+00 1.430131006951995687e-05 3.033067587747216966e-05
0.000000000000000000e+00 1.400467047966267209e-05 2.970768012707175956e-05
0.000000000000000000e+00 1.371418431076840030e-05 2.909747931623314372e-05
0.000000000000000000e+00 1.342972341859414911e-05 2.849981052799137587e-05
0.000000000000000000e+00 1.315116301340652155e-05 2.791441656039899896e-05
0.000000000000000000e+00 1.287837999027459184e-05 2.734104645618374305e-05
0.000000000000000000e+00 1.261125477491908953e-05 2.677945263903502718e-05
0.000000000000000000e+00 1.234967115637467113e-05 2.622939147471192289e-05
0.000000000000000000e+00 1.209351299791151921e-05 2.569062875960143825e-05
0.000000000000000000e+00 1.184266856039613064e-05 2.516293155840912074e-05
0.000000000000000000e+00 1.159702555734597098e-05 2.464607237651257349e-05
0.000000000000000000e+00 1.135648003569635100e-05 2.413982759093727501e-05
0.000000000000000000e+00 1.112092265957066880e-05 2.364398149438365522e-05
0.000000000000000000e+00 1.089025101978251448e-05 2.315831998633705317e-05
0.000000000000000000e+00 1.066436395532306485e-05 2.268263203641999711e-05
0.000000000000000000e+00 1.044316276884387591e-05 2.221671428078288244e-05
0.000000000000000000e+00 1.022655032071760530e-05 2.176036608725397136e-05
0.000000000000000000e+00 1.001442945872952673e-05 2.131339125521769517e-05
0.000000000000000000e+00 9.806708694068077777e-06 2.087559640381016018e-05
0.000000000000000000e+00 9.603297348226007171e-06 2.044679291087256713e-05
0.000000000000000000e+00 9.404104863497124325e-06 2.002679687018797368e-05
0.000000000000000000e+00 9.209044221636375482e-06 1.961542704302182910e-05
0.000000000000000000e+00 9.018028596912016324e-06 1.921250657062919913e-05
0.000000000000000000e+00 8.830975773829123198e-06 1.881786139386733368e-05
0.000000000000000000e+00 8.647803104055073933e-06 1.843132244509277555e-05
0.000000000000000000e+00 8.468429597638049374e-06 1.805272219927345667e-05
0.000000000000000000e+00 8.292776281596873065e-06 1.768189767115067846e-05
0.000000000000000000e+00 8.120766949856132299e-06 1.731869065683554112e-05
0.000000000000000000e+00 7.952324778533962756e-06 1.696294312606788863e-05
0.000000000000000000e+00 7.787377157637395057e-06 1.661450095672670386e-05
0.000000000000000000e+00 7.625849993697642049e-06 1.627321882817169994e-05
0.000000000000000000e+00 7.467674203601789174e-06 1.593894355944591723e-05
0.000000000000000000e+00 7.312778801763923945e-06 1.561153580786808206e-05
0.000000000000000000e+00 7.161096793773538910e-06 1.529085141416288416e-05
0.000000000000000000e+00 7.012560042726501955e-06 1.497675430961394353e-05
0.000000000000000000e+00 6.867105156588881377e-06 1.466910890994213177e-05
0.000000000000000000e+00 6.724666779201200870e-06 1.436778236629671361e-05
0.000000000000000000e+00 6.585182916445261013e-06 1.407264430105221813e-05
0.000000000000000000e+00 6.448592628623932429e-06 1.378356929282475475e-05
0.000000000000000000e+00 6.314835057824911505e-06 1.350043021279063353e-05
0.000000000000000000e+00 6.183852207409294103e-06 1.322310880028993623e-05
0.000000000000000000e+00 6.055585344647944075e-06 1.295148293308521006e-05
0.000000000000000000e+00 5.929980967378511991e-06 1.268543517970080578e-05
0.000000000000000000e+00 5.806980472478676894e-06 1.242485238043606515e-05
0.000000000000000000e+00 5.686531286371199363e-06 1.216962283767571975e-05
0.000000000000000000e+00 5.568580481914616181e-06 1.191963427249568283e-05
0.000000000000000000e+00 5.453076113400179444e-06 1.167478186111175304e-05
0.000000000000000000e+00 5.339968571696795702e-06 1.143495808708494120e-05
0.000000000000000000e+00 5.229206437049034953e-06 1.120005965164359765e-05
0.000000000000000000e+00 5.120740945866516115e-06 1.096998749128218187e-05
0.000000000000000000e+00 5.014526639997463227e-06 1.074464031414201770e-05
0.000000000000000000e+00 4.910515050286788413e-06 1.052392120078529778e-05
0.000000000000000000e+00 4.808659719523583577e-06 1.030773711600452736e-05
0.000000000000000000e+00 4.708918487436264074e-06 1.009599240490551757e-05
0.000000000000000000e+00 4.611244762179254571e-06 9.888597171621638831e-06
0.000000000000000000e+00 4.515599191901174174e-06 9.685461379360307951e-06
0.000000000000000000e+00 4.421935613822681045e-06 9.486499836859927726e-06
0.000000000000000000e+00 4.330215337929177043e-06 9.291623588166756775e-06
0.000000000000000000e+00 4.240397415644955165e-06 9.100750827976077355e-06
-2.753353101070388220e-13 4.152442558025128767e-06 8.913798083802645066e-06
-1.564344650402330617e+00 -8.864579022491420046e-01 -5.023197181651267718e-01
-1.525825293347185418e+00 -1.254194927632285461e+00 -9.314574242378450553e-01
-1.449735053646011185e+00 -1.356766285446119769e+00 -1.169150694266323454e+00
-1.337947525529274984e+00 -1.332769908403099723e+00 -1.252800986089396273e+00
-1.193215288940752128e+00 -1.238907868193378503e+00 -1.232629970945534614e+00
-1.019102131883998785e+00 -1.099801456843665370e+00 -1.143870967988239729e+00
-8.198952981341955937e-01 -9.277466393668454270e-01 -1.008067394459662980e+00
-6.004999210678418908e-01 -7.305071453674794046e-01 -8.384654067064389871e-01
-3.663182429998179668e-01 -5.143422309013534477e-01 -6.440553999184195355e-01
-1.231165940485912103e-01 -2.851324085038975387e-01 -4.318874501948510858e-01
1.231165940486611543e-01 -4.874352202493881236e-02 -2.082245318416731106e-01
3.663182429998856904e-01 1.889153610357952040e-01 2.095764864697535756e-02
6.004999210679051735e-01 4.219570039205955414e-01 2.498074441507447396e-01
8.198952981342555457e-01 6.446289782002490032e-01 4.725979590041873291e-01
1.019102131884052076e+00 8.514425899776500994e-01 6.838030983556175890e-01
1.193215288940795427e+00 1.037302973126084105e+00 8.782046467302218051e-01
1.337947525529312065e+00 1.197632531221565211e+00 1.051007973276230079e+00
1.449735053646037386e+00 1.328482853676488107e+00 1.197954508423152875e+00
1.525825293347206513e+00 1.426631620795939526e+00 1.315424185316007577e+00
1.564344650402336168e+00 1.489661821511355511e+00 1.400523537093981918e+00
1.564344650402325065e+00 1.516021217885107797e+00 1.451156498311835685e+00
1.525825293347169431e+00 1.505060546283067069e+00 1.466075827351205341e+00
1.449735053645983429e+00 1.457049496385036669e+00 1.444913737197404568e+00
1.337947525529238790e+00 1.373170067264503080e+00 1.388190917488178133e+00
1.193215288940705499e+00 1.255487461329849896e+00 1.297303698983626186e+00
1.019102131883943274e+00 1.106899231594673516e+00 1.174489665137358196e+00
8.198952981341389723e-01 9.310639340248361151e-01 1.022772552694856119e+00
6.004999210677752775e-01 7.323110416027833747e-01 8.458877960689259456e-01
3.663182429997513534e-01 5.155343382103760863e-01 6.481905479714067386e-01
1.231165940485212662e-01 2.860714173540213068e-01 4.345484407627098200e-01
-1.231165940487310984e-01 4.957225280732169281e-02 2.102217289762065011e-01
-3.663182429999523038e-01 -1.881399225575774992e-01 -1.926623577157005052e-02
-6.004999210679717869e-01 -4.212120041728428799e-01 -2.482650081879522741e-01
-8.198952981343132773e-01 -6.439051386967087343e-01 -4.711361821483139867e-01
-1.019102131884107587e+00 -8.507360336953473379e-01 -6.823922271071580781e-01
-1.193215288940837615e+00 -1.036611974574231931e+00 -8.768316094347827772e-01
-1.337947525529352033e+00 -1.196956224176006778e+00 -1.049666871573204929e+00
-1.449735053646068472e+00 -1.327820717298347386e+00 -1.196642515242375415e+00
-1.525825293347214284e+00 -1.425983275232090008e+00 -1.314139786057856751e+00
-1.564344650402345716e+00 -1.489026946548782204e+00 -1.399265779389589737e+00
-1.564344650402315073e+00 -1.515399520530283040e+00 -1.449924673391546515e+00
-1.525825293347157441e+00 -1.504451747805512163e+00 -1.464869335197172662e+00
-1.449735053645953009e+00 -1.456453327085509786e+00 -1.443732029594902544e+00
-1.337947525529206150e+00 -1.372586264333420125e+00 -1.387033473981914788e+00
-1.193215288940656649e+00 -1.254915767924398740e+00 -1.296170016686737814e+00
-1.019102131883895535e+00 -1.106339396402177266e+00 -1.173379254348626555e+00
-8.198952981340745794e-01 -9.305157110286155220e-01 -1.021684934951793133e+00
-6.004999210677142152e-01 -7.317741899188923149e-01 -8.448225032224920827e-01
-3.663182429996802991e-01 -5.150086219656480058e-01 -6.471471216831004014e-01
-1.231165940484524324e-01 -2.855566055729763519e-01 -4.335264321847887015e-01
1.231165940488010424e-01 -4.906811930837529090e-02 -2.092206985091038529e-01
3.663182430000189171e-01 1.886335992687537821e-01 2.024671869811478508e-02
6.004999210680361799e-01 4.216954409910722568e-01 2.492253652959841581e-01
8.198952981343776703e-01 6.443785480156416501e-01 4.720768265056474178e-01
1.019102131884161988e+00 8.511996235089891449e-01 6.833135633019860045e-01
1.193215288940876473e+00 1.037065948559475759e+00 8.777340337556649441e-01
1.337947525529388226e+00 1.197400781785923352e+00 1.050550772169768221e+00
1.449735053646095118e+00 1.328256053848040352e+00 1.197508272305006782e+00
1.525825293347238931e+00 1.426409581985930153e+00 1.314987771971049435e+00
1.564344650402333947e+00 1.489444410802923668e+00 1.400096358896685711e+00
1.564344650402318404e+00 1.515808325697575842e+00 1.450738203750036259e+00
1.525825293347141232e+00 1.504852073492938258e+00 1.465666166335278131e+00
1.449735053645934135e+00 1.456845349175161619e+00 1.444512504254993335e+00
1.337947525529155524e+00 1.372970155061443709e+00 1.387797927875017656e+00
1.193215288940617791e+00 1.255291695950851327e+00 1.296918778635269165e+00
1.019102131883842244e+00 1.106707526889967319e+00 1.174112646425590656e+00
8.198952981340201784e-01 9.308762057151709346e-01 1.022403272619409886e+00
6.004999210676420507e-01 7.321272071869977527e-01 8.455260954719889810e-01
3.663182429996170164e-01 5.153543169133678603e-01 6.478362711619245484e-01
1.231165940483824883e-01 2.858951300793566297e-01 4.342014353300116536e-01
-1.231165940488709865e-01 4.939962210236514828e-02 2.098818456722251202e-01
-3.663182430000855305e-01 -1.883089725374709200e-01 -1.959914311945087917e-02
-6.004999210681005728e-01 -4.213775477008718795e-01 -2.485910827451032201e-01
-8.198952981344365121e-01 -6.440672485030107808e-01 -4.714555641427808919e-01
-1.019102131884215279e+00 -8.508947810034173109e-01 -6.827050538839141147e-01
-1.193215288940935315e+00 -1.036767429128521156e+00 -8.771380155257846312e-01
-1.337947525529410875e+00 -1.197108454276035738e+00 -1.049966988743926688e+00
-1.449735053646121763e+00 -1.327969789826671798e+00 -1.196936472558054465e+00
-1.525825293347255140e+00 -1.426129255681224839e+00 -1.314427709935336752e+00
-1.564344650402356818e+00 -1.489169899056262514e+00 -1.399547793650234295e+00
-1.564344650402295311e+00 -1.515539507902217142e+00 -1.450200899314967540e+00
-1.525825293347125244e+00 -1.504588831545076610e+00 -1.465139891576283659e+00
-1.449735053645907490e+00 -1.456587567418352824e+00 -1.443997032785198531e+00
-1.337947525529132875e+00 -1.372717720240899553e+00 -1.387293037949968832e+00
-1.193215288940558949e+00 -1.255044497160144212e+00 -1.296424253060092679e+00
-1.019102131883790063e+00 -1.106465455521302710e+00 -1.173628272464319222e+00
-8.198952981339602264e-01 -9.306391554178650161e-01 -1.021928841902844942e+00
-6.004999210675843191e-01 -7.318950738100260534e-01 -8.450614039098525154e-01
-3.663182429995426315e-01 -5.151269984723327866e-01 -6.473811188466449540e-01
-1.231165940483136545e-01 -2.856725267000392865e-01 -4.337556264611264201e-01
1.231165940489398203e-01 -4.918163598756519761e-02 -2.094451884664205732e-01
3.663182430001599155e-01 1.885224371645721764e-01 2.002683650968895002e-02
6.004999210681583044e-01 4.215865846216759749e-01 2.490099963115410819e-01
8.198952981344964641e-01 6.442719495572502009e-01 4.718658780990137025e-01
1.019102131884267459e+00 8.510952361267454247e-01 6.831069447482707169e-01
1.193215288940980834e+00 1.036963726391312290e+00 8.775316561913748536e-01
1.337947525529447068e+00 1.197300679920006994e+00 1.050352548557069721e+00
1.449735053646148408e+00 1.328158028306114513e+00 1.197314117387487942e+00
1.525825293347271128e+00 1.426313589700117124e+00 1.314797602247279595e+00
1.564344650402362369e+00 1.489350409598721559e+00 1.399910092575576970e+00
1.564344650402289760e+00 1.515716274276812658e+00 1.450555760719294707e+00
1.525825293347125688e+00 1.504761931411789933e+00 1.465487468125977077e+00
1.449735053645864191e+00 1.456757076830284214e+00 1.444337474011715639e+00
1.337947525529082249e+00 1.372883713671209538e+00 1.387626490316147487e+00
1.193215288940541186e+00 1.255207047536095466e+00 1.296750860026734120e+00
1.019102131883723450e+00 1.106624634261794693e+00 1.173948174541327605e+00
8.198952981338936130e-01 9.307950324544689291e-01 1.022242176722738538e+00
6.004999210675276977e-01 7.320477176306661171e-01 8.453683062726957687e-01
3.663182429994749079e-01 5.152764761373096469e-01 6.476817207934182363e-01
1.231165940482448207e-01 2.858189038858027775e-01 4.340500573200667400e-01
-1.231165940490097643e-01 4.932497700013693809e-02 2.097335749092366086e-01
-3.663182430002209777e-01 -1.883820693438986726e-01 -1.974437040945131727e-02
-6.004999210682371302e-01 -4.214491283253452014e-01 -2.487333290262172536e-01
-8.198952981345464242e-01 -6.441373443941778021e-01 -4.715948905967481952e-01
-1.019102131884332962e+00 -8.509634229591955812e-01 -6.828415204402382699e-01
-1.193215288941014141e+00 -1.036834647305094892e+00 -8.772716808802671906e-01
-1.337947525529483039e+00 -1.197174278205327402e+00 -1.050097910391090128e+00
-1.449735053646191707e+00 -1.328034248430397524e+00 -1.197064706809536805e+00
-1.525825293347270684e+00 -1.426192377277250456e+00 -1.314553311948896575e+00
-1.564344650402350156e+00 -1.489231711378807388e+00 -1.399670817450454186e+00
-1.564344650402319514e+00 -1.515600038105707981e+00 -1.450321397820102831e+00
-1.525825293347075062e+00 -1.504648106224646620e+00 -1.465257916618642353e+00
-1.449735053645870186e+00 -1.456645612617963437e+00 -1.444112635128272926e+00
-1.337947525529045167e+00 -1.372774561460008869e+00 -1.387406267320314024e+00
-1.193215288940467911e+00 -1.255100159372343205e+00 -1.296535158163145018e+00
-1.019102131883694584e+00 -1.106519963182083233e+00 -1.173736901004920785e+00
-8.198952981338314405e-01 -9.306925324741943673e-01 -1.022035240607018780e+00
-6.004999210674499821e-01 -7.319473437159218498e-01 -8.451656185431810631e-01
-3.663182429994160660e-01 -5.151781841884139901e-01 -6.474831942399394968e-01
-1.231165940481726562e-01 -2.857226507183130426e-01 -4.338556065212029189e-01
1.231165940490819288e-01 -4.923072032751107940e-02 -2.095431162001726300e-01
3.663182430002909218e-01 1.884743709372760367e-01 1.993091897904641918e-02
6.004999210682870903e-01 4.215395153891243751e-01 2.489160477231344704e-01
8.198952981346252500e-01 6.442258566392344843e-01 4.717738580398955772e-01
1.019102131884362938e+00 8.510500992731651060e-01 6.830168136356995490e-01
1.193215288941057439e+00 1.036919525771520245e+00 8.774433752528354447e-01
1.337947525529549209e+00 1.197257396113120542e+00 1.050266079818004128e+00
1.449735053646185490e+00 1.328115642296846532e+00 1.197229423651866576e+00
1.525825293347321532e+00 1.426272082865842616e+00 1.314714647082062982e+00
1.564344650402355708e+00 1.489309763702693301e+00 1.399828840296398980e+00
1.564344650402278880e+00 1.515676471463538899e+00 1.450476176370839143e+00
1.525825293347093048e+00 1.504722954191821005e+00 1.465409517477676227e+00
1.449735053645811345e+00 1.456718908080105956e+00 1.444261123526563662e+00
1.337947525529008974e+00 1.372846336621235119e+00 1.387551707152248515e+00
1.193215288940451257e+00 1.255170445764863141e+00 1.296677612012143710e+00
1.019102131883617979e+00 1.106588791688231099e+00 1.173876430167231533e+00
8.198952981337903623e-01 9.307599333314187096e-01 1.022171905123926416e+00
6.004999210673833687e-01 7.320133465371037040e-01 8.452994772212019114e-01
3.663182429993405709e-01 5.152428179728119062e-01 6.476143046788185309e-01
1.231165940481060428e-01 2.857859438620213854e-01 4.339840251390414405e-01
-1.231165940491474320e-01 4.929270063723234507e-02 2.096688982561600856e-01
-3.663182430003675272e-01 -1.884136762275545607e-01 -1.980771935716663101e-02
-6.004999210683548139e-01 -4.214800796160855789e-01 -2.487953775221218855e-01
-8.198952981346652180e-01 -6.441676536906837391e-01 -4.716556653344849970e-01
-1.019102131884438434e+00 -8.509931035752382744e-01 -6.829010475641394962e-01
-1.193215288941104069e+00 -1.036863712283433436e+00 -8.773299860004268869e-01
-1.337947525529555870e+00 -1.197202740315479463e+00 -1.050155018589489231e+00
-1.449735053646244998e+00 -1.328062120175150795e+00 -1.197120642655914891e+00
-1.525825293347303324e+00 -1.426219670905830572e+00 -1.314608099506289207e+00
-1.564344650402396564e+00 -1.489258438877275603e+00 -1.399724480291176354e+00
-1.564344650402273107e+00 -1.515626211221519526e+00 -1.450373959028263382e+00
-1.525825293347042866e+00 -1.504673736453961963e+00 -1.465309398808307018e+00
-1.449735053645816896e+00 -1.456670711221532688e+00 -1.444163060446929325e+00
-1.337947525528971893e+00 -1.372799139466783780e+00 -1.387455657461814873e+00
-1.193215288940377983e+00 -1.255124227579291096e+00 -1.296583534377956815e+00
-1.019102131883589113e+00 -1.106543532164587784e+00 -1.173784284104224973e+00
-8.198952981337126467e-01 -9.307156125858984108e-01 -1.022081650977387790e+00
-6.004999210673334087e-01 -7.319699450962935394e-01 -8.452110761505049474e-01
-3.663182429992695166e-01 -5.152003167701446618e-01 -6.475277186424777121e-01
-1.231165940480338783e-01 -2.857443242231283431e-01 -4.338992168734434607e-01
1.231165940492195965e-01 -4.925194427822909837e-02 -2.095858312662557399e-01
3.663182430004274792e-01 1.884535872154513569e-01 1.988908082219076334e-02
6.004999210684158761e-01 4.215191627659542473e-01 2.488750684742613295e-01
8.198952981347429336e-01 6.442059261723920294e-01 4.717337200703008993e-01
1.019102131884468410e+00 8.510305822061003944e-01 6.829774996741078130e-01
1.193215288941176233e+00 1.036900413529053822e+00 8.774048683860624642e-01
1.337947525529593618e+00 1.197238680299589353e+00 1.050228363477576643e+00
1.449735053646238780e+00 1.328097314687922692e+00 1.197192481611415893e+00
1.525825293347353728e+00 1.426254135410294666e+00 1.314678463446732337e+00
1.564344650402366588e+00 1.489292188516333937e+00 1.399793399496878532e+00
1.564344650402268000e+00 1.515659260820916510e+00 1.450441463161928235e+00
1.525825293347060851e+00 1.504706100535875724e+00 1.465375516919820154e+00
1.449735053645757610e+00 1.456702404003634710e+00 1.444227820993813305e+00
1.337947525528966342e+00 1.372830174873838516e+00 1.387519088314067783e+00
1.193215288940331353e+00 1.255154619246977576e+00 1.296645662833110224e+00
1.019102131883512508e+00 1.106573293445243245e+00 1.173845136904191344e+00
8.198952981336726786e-01 9.307447565548698787e-01 1.022141254309884006e+00
6.004999210672545829e-01 7.319984845586990918e-01 8.452694556685669269e-01
3.663182429992106748e-01 5.152282642628724929e-01 6.475848994706123740e-01
1.231165940479617138e-01 2.857716920271069494e-01 4.339552236225541204e-01
-1.231165940492862099e-01 4.927874441563062646e-02 2.096406880393275607e-01
-3.663182430005029744e-01 -1.884273429691940560e-01 -1.983535041361061957e-02
-6.004999210684824895e-01 -4.214934628800137695e-01 -2.488224413061534968e-01
-8.198952981347840119e-01 -6.441807593570547663e-01 -4.716821734916887277e-01
-1.019102131884543905e+00 -8.510059374024281365e-01 -6.829270115006635944e-01
-1.193215288941195107e+00 -1.036876279911358445e+00 -8.773554168858654911e-01
-1.337947525529659565e+00 -1.197215047263299192e+00 -1.050179927368672939e+00
-1.449735053646266536e+00 -1.328074171851217233e+00 -1.197145040046548869e+00
-1.525825293347335521e+00 -1.426231472603487482e+00 -1.314631996006338399e+00
-1.564344650402407444e+00 -1.489269995785152290e+00 -1.399747886181379686e+00
-1.564344650402262227e+00 -1.515637528413738000e+00 -1.450396884382143092e+00
