0.000000000000000000e+00 0.000000000000000000e+00 0.000000000000000000e+00
3.780000000000002247e-01 8.819999999999998952e-01 3.219299999999998829e-01
8.416393301467883781e-01 2.012728393749847022e+00 9.657899999999995932e-01
1.404349497852388273e+00 2.767873143756329757e+00 1.834526419639587402e+00
2.078462924535230183e+00 3.439783050196738134e+00 2.846041440963745117e+00
2.873277142575382026e+00 4.150269563427585240e+00 3.948116064071655273e+00
3.792539031801630323e+00 4.950123596089774480e+00 5.107158184051513672e+00
4.831623777049791180e+00 5.857024538931406177e+00 6.300015926361083984e+00
5.975013309725017763e+00 6.869115743832325371e+00 7.507793903350830078e+00
7.194994548792128519e+00 7.969602592952034215e+00 8.714777946472167969e+00
8.452580128844719098e+00 9.129068886847431230e+00 9.913416862487792969e+00
9.701253845705998913e+00 1.030853915221752715e+01 1.110497283935546875e+01
1.089319318350359822e+01 1.146430849979508082e+01 1.229202270507812500e+01
1.198646323588495655e+01 1.255408546401054259e+01 1.347066116333007812e+01
1.295100367431147959e+01 1.354299757296755757e+01 1.461785030364990234e+01
1.377160125274060221e+01 1.440780730953761690e+01 1.564575767517089844e+01
1.444732255011786926e+01 1.513834060971029949e+01 1.636854743957519531e+01
1.498827429336249040e+01 1.573620940252794753e+01 1.682869148254394531e+01
1.541126488245629567e+01 1.621177199379312128e+01 1.722512245178222656e+01
1.573577822989203767e+01 1.658054284579233340e+01 1.761117935180664062e+01
1.598102927689073205e+01 1.686000265616456062e+01 1.790304183959960938e+01
1.616423967654273142e+01 1.706728364503578277e+01 1.805738449096679688e+01
1.629990258561025840e+01 1.721779151817633036e+01 1.814343452453613281e+01
1.639969579101480690e+01 1.732459027951866304e+01 1.822963142395019531e+01
1.647274382092973255e+01 1.739830331976390809e+01 1.830722999572753906e+01
1.652602135142615225e+01 1.744730811720602759e+01 1.834238433837890625e+01
1.656477629864839685e+01 1.747806226758986980e+01 1.834151649475097656e+01
1.659291270558708575e+01 1.749545952965818074e+01 1.833637619018554688e+01
1.661331116744557335e+01 1.750316157418791718e+01 1.833773803710937500e+01
1.662808458932281042e+01 1.750388205129006991e+01 1.833241081237792969e+01
1.663877617051628732e+01 1.749961751465356841e+01 1.831283760070800781e+01
1.664650954222365797e+01 1.749182880208049440e+01 1.828781700134277344e+01
1.665210101897397266e+01 1.748158016722940644e+01 1.826654815673828125e+01
1.665614269666554748e+01 1.746964423489134433e+01 1.824714851379394531e+01
1.665906353997664269e+01 1.745658023379588997e+01 1.822401046752929688e+01
1.666117406650247901e+01 1.744279180970261933e+01 1.819742774963378906e+01
1.666269891640190082e+01 1.742856948213020019e+01 1.817161941528320312e+01
1.666380053164758834e+01 1.741412168220795564e+01 1.814792060852050781e+01
1.666459634023266645e+01 1.739959736777351651e+01 1.812422180175781250e+01
1.666517121050056005e+01 1.738510246166118378e+01 1.809922790527343750e+01
1.666558646893844653e+01 1.737071177918399911e+01 1.807406044006347656e+01
1.666588642522980379e+01 1.735647767143513676e+01 1.805000114440917969e+01
1.666610309129929846e+01 1.734243628272630744e+01 1.802670288085937500e+01
1.666625959300732518e+01 1.732861207752505095e+01 1.800331115722656250e+01
1.666637263604654606e+01 1.731502111368552121e+01 1.797981262207031250e+01
1.666645428790779704e+01 1.730167340816035093e+01 1.795680809020996094e+01
1.666651326543526324e+01 1.728857464619062512e+01 1.793445777893066406e+01
1.666655586505673625e+01 1.727572741576216941e+01 1.791242790222167969e+01
1.666658663480791702e+01 1.726313209889327283e+01 1.789055824279785156e+01
1.666660885979687379e+01 1.725078751491801654e+01 1.786898231506347656e+01
1.666662491288667525e+01 1.723869138457269656e+01 1.784784698486328125e+01
1.666663650800978758e+01 1.722684066462139185e+01 1.782711219787597656e+01
1.666664488314524206e+01 1.721523178896458361e+01 1.780667114257812500e+01
1.666665093248715124e+01 1.720386084220209000e+01 1.778651046752929688e+01
1.666665530191215794e+01 1.719272368441476928e+01 1.776668357849121094e+01
1.666665845793655976e+01 1.718181604072105628e+01 1.774721717834472656e+01
1.666666073752448085e+01 1.717113356540047420e+01 1.772809791564941406e+01
1.666666238406448031e+01 1.716067188765818230e+01 1.771031379699707031e+01
1.666666357335566317e+01 1.715042664413984497e+01 1.769305038452148438e+01
1.666666443237725659e+01 1.714039350188713229e+01 1.767545318603515625e+01
1.666666505284604227e+01 1.713056817439968427e+01 1.765781593322753906e+01
1.666666550100882205e+01 1.712094643272822481e+01 1.764073944091796875e+01
1.666666582471548352e+01 1.711152411298972353e+01 1.762422370910644531e+01
1.666666605852783789e+01 1.710229712130784563e+01 1.760786819458007812e+01
1.666666622740980586e+01 1.709326143690451616e+01 1.759155273437500000e+01
1.666666634939275227e+01 1.708441311386532035e+01 1.757550430297851562e+01
1.666666643750066967e+01 1.707574828195709671e+01 1.755984306335449219e+01
1.666666650114075310e+01 1.706726314677026224e+01 1.754448890686035156e+01
1.666666654710778417e+01 1.705895398938278262e+01 1.752928161621093750e+01
1.666666658030963433e+01 1.705081716568759020e+01 1.751426124572753906e+01
1.666666660429122970e+01 1.704284910548593501e+01 1.749953460693359375e+01
1.666666662161308210e+01 1.703504631142045511e+01 1.748510169982910156e+01
1.666666663412459926e+01 1.702740535780083775e+01 1.747086906433105469e+01
1.666666664316161928e+01 1.701992288936041930e+01 1.745680999755859375e+01
1.666666664968903433e+01 1.701259561997105507e+01 1.744292449951171875e+01
1.666666665440377315e+01 1.700542033133595510e+01 1.742914581298828125e+01
1.666666665780920908e+01 1.699839387167426352e+01 1.741555404663085938e+01
1.666666666026895172e+01 1.699151315440755283e+01 1.740224266052246094e+01
1.666666666204561764e+01 1.698477515685519634e+01 1.738910484313964844e+01
1.666666666332890756e+01 1.697817691894356784e+01 1.737612724304199219e+01
1.666666666425582477e+01 1.697171554193232623e+01 1.736337661743164062e+01
1.666666666492532300e+01 1.696538818716022234e+01 1.735087966918945312e+01
1.666666666540890063e+01 1.695919207481201951e+01 1.733860969543457031e+01
1.666666666575818567e+01 1.695312448270724914e+01 1.732652664184570312e+01
1.666666666601048163e+01 1.694718274511149758e+01 1.731463050842285156e+01
1.666666666619269677e+01 1.694136425157062220e+01 1.730294799804687500e+01
1.666666666632432836e+01 1.693566644576747393e+01 1.729149246215820312e+01
1.666666666641940253e+01 1.693008682440174795e+01 1.728022384643554688e+01
1.666666666648806583e+01 1.692462293609201751e+01 1.726912879943847656e+01
1.666666666653765461e+01 1.691927238030014990e+01 1.725823402404785156e+01
1.666666666657349083e+01 1.691403280627778116e+01 1.724752616882324219e+01
1.666666666659935458e+01 1.690890191203417814e+01 1.723699188232421875e+01
1.666666666661805607e+01 1.690387744332543818e+01 1.722664451599121094e+01
1.666666666663155993e+01 1.689895719266447927e+01 1.721637725830078125e+01
1.666666666664130858e+01 1.689413899835144761e+01 1.720623016357421875e+01
1.666666666664834651e+01 1.688942074352419453e+01 1.719629669189453125e+01
1.666666666665344465e+01 1.688480035522839984e+01 1.718661689758300781e+01
1.666666666665712526e+01 1.688027580350694379e+01 1.717736434936523438e+01
1.666666666665978624e+01 1.687584510050808007e+01 1.716883277893066406e+01
1.666666666666170116e+01 1.687150629961218584e+01 1.716044807434082031e+01
1.666666666666306895e+01 1.686725749457646728e+01 1.715186309814453125e+01
1.666666666666406371e+01 1.686309681869762045e+01 1.714327812194824219e+01
1.666666666666478491e+01 1.685902244399157723e+01 1.713498687744140625e+01
1.666666666666530716e+01 1.685503258039051033e+01 1.712698936462402344e+01
1.666666666666568020e+01 1.685112547495635127e+01 1.711908531188964844e+01
1.666666666666595376e+01 1.684729941111057272e+01 1.711119461059570312e+01
1.666666666666615271e+01 1.684355270788021031e+01 1.710341072082519531e+01
1.666666666666630192e+01 1.683988371915905446e+01 1.709581375122070312e+01
1.666666666666640140e+01 1.683629083298470874e+01 1.708839035034179688e+01
1.666666666666647600e+01 1.683277247083019645e+01 1.708107376098632812e+01
1.666666666666652574e+01 1.682932708691053847e+01 1.707382392883300781e+01
1.666666666666657548e+01 1.682595316750358094e+01 1.706670761108398438e+01
1.666666666666660035e+01 1.682264923028494863e+01 1.705975151062011719e+01
1.666666666666662522e+01 1.681941382367677562e+01 1.705287551879882812e+01
1.666666666666662522e+01 1.681624552621001456e+01 1.704605293273925781e+01
1.666666666666662522e+01 1.681314294589985181e+01 1.703932380676269531e+01
1.666666666666662522e+01 1.681010471963417885e+01 1.703276824951171875e+01
1.666666666666662522e+01 1.680712951257467225e+01 1.702634620666503906e+01
1.666666666666662522e+01 1.680421601757040762e+01 1.702000427246093750e+01
1.666666666666662522e+01 1.680136295458348528e+01 1.701375579833984375e+01
1.666666666666662522e+01 1.679856907012669254e+01 1.700760078430175781e+01
1.666666666666662522e+01 1.679583313671277978e+01 1.700157928466796875e+01
1.666666666666662522e+01 1.679315395231517627e+01 1.699566459655761719e+01
1.666666666666662522e+01 1.679053033983987220e+01 1.698984336853027344e+01
1.666666666666662522e+01 1.678796114660824301e+01 1.698410224914550781e+01
1.666666666666662522e+01 1.678544524385066694e+01 1.697846794128417969e+01
1.666666666666662522e+01 1.678298152621058748e+01 1.697294044494628906e+01
1.666666666666662522e+01 1.678056891125884675e+01 1.696750640869140625e+01
1.666666666666662522e+01 1.677820633901811576e+01 1.696215248107910156e+01
1.666666666666662522e+01 1.677589277149729696e+01 1.695689201354980469e+01
1.666666666666662522e+01 1.677362719223537724e+01 1.695173835754394531e+01
1.666666666666662522e+01 1.677140860585488014e+01 1.694666481018066406e+01
1.666666666666662522e+01 1.676923603762451975e+01 1.694167137145996094e+01
1.666666666666662522e+01 1.676710853303108095e+01 1.693675804138183594e+01
1.666666666666662522e+01 1.676502515735987942e+01 1.693193817138671875e+01
1.666666666666662522e+01 1.676298499528422425e+01 1.692713165283203125e+01
1.666666666666662522e+01 1.676098715046316201e+01 1.692237854003906250e+01
1.666666666666662522e+01 1.675903074514782531e+01 1.691770553588867188e+01
1.666666666666662522e+01 1.675711491979566503e+01 1.691315269470214844e+01
1.666666666666662522e+01 1.675523883269281455e+01 1.690869331359863281e+01
1.666666666666662522e+01 1.675340165958438732e+01 1.690430068969726562e+01
1.666666666666662522e+01 1.675160259331225987e+01 1.689996147155761719e+01
1.666666666666662522e+01 1.674984084346041513e+01 1.689570236206054688e+01
1.666666666666662522e+01 1.674811563600782094e+01 1.689152336120605469e+01
1.666666666666662522e+01 1.674642621298819734e+01 1.688743782043457031e+01
1.666666666666662522e+01 1.674477183215709530e+01 1.688340568542480469e+01
1.666666666666662522e+01 1.674315176666581451e+01 1.687944030761718750e+01
1.666666666666662522e+01 1.674156530474196103e+01 1.687555503845214844e+01
1.666666666666662522e+01 1.674001174937684411e+01 1.687174987792968750e+01
1.666666666666662522e+01 1.673849041801918958e+01 1.686799812316894531e+01
1.666666666666662522e+01 1.673700064227529438e+01 1.686431312561035156e+01
1.666666666666662522e+01 1.673554176761529888e+01 1.686069488525390625e+01
1.666666666666662522e+01 1.673411315308570124e+01 1.685714340209960938e+01
1.666666666666662522e+01 1.673271417102774095e+01 1.685365867614746094e+01
1.666666666666662522e+01 1.673134420680155188e+01 1.685022735595703125e+01
1.666666666666662522e+01 1.673000265851628399e+01 1.684686279296875000e+01
1.666666666666662522e+01 1.672868893676552204e+01 1.684355163574218750e+01
1.666666666666662522e+01 1.672740246436837452e+01 1.684029388427734375e+01
1.666666666666662522e+01 1.672614267611588446e+01 1.683711624145507812e+01
1.666666666666662522e+01 1.672490901852278711e+01 1.683399200439453125e+01
1.666666666666662522e+01 1.672370094958416686e+01 1.683090782165527344e+01
1.666666666666662522e+01 1.672251793853751067e+01 1.682787704467773438e+01
1.666666666666662522e+01 1.672135946562941200e+01 1.682491302490234375e+01
1.666666666666662522e+01 1.672022502188724857e+01 1.682200241088867188e+01
1.666666666666662522e+01 1.671911410889553551e+01 1.681913185119628906e+01
1.666666666666662522e+01 1.671802623857700354e+01 1.681631469726562500e+01
1.666666666666662522e+01 1.671696093297810393e+01 1.681355094909667969e+01
1.666666666666662522e+01 1.671591772405908927e+01 1.681085395812988281e+01
1.666666666666662522e+01 1.671489615348829716e+01 1.680818367004394531e+01
1.666666666666662522e+01 1.671389577244086055e+01 1.680556678771972656e+01
1.666666666666662522e+01 1.671291614140147175e+01 1.680300331115722656e+01
1.666666666666662522e+01 1.671195682997132437e+01 1.680049324035644531e+01
1.666666666666662522e+01 1.671101741667895979e+01 1.679800987243652344e+01
1.666666666666662522e+01 1.671009748879509260e+01 1.679556655883789062e+01
1.666666666666662522e+01 1.670919664215139022e+01 1.679319000244140625e+01
1.666666666666662522e+01 1.670831448096273419e+01 1.679085350036621094e+01
1.666666666666662522e+01 1.670745061765348538e+01 1.678854370117187500e+01
1.666666666666662522e+01 1.670660467268713134e+01 1.678627395629882812e+01
1.666666666666662522e+01 1.670577627439951485e+01 1.678404426574707031e+01
1.666666666666662522e+01 1.670496505883564353e+01 1.678188133239746094e+01
1.666666666666662522e+01 1.670417066958960817e+01 1.677974510192871094e+01
1.666666666666662522e+01 1.670339275764820641e+01 1.677764892578125000e+01
1.666666666666662522e+01 1.670263098123745138e+01 1.677557945251464844e+01
1.666666666666662522e+01 1.670188500567246237e+01 1.677353668212890625e+01
1.666666666666662522e+01 1.670115450321048911e+01 1.677154731750488281e+01
1.666666666666662522e+01 1.670043915290677106e+01 1.676961135864257812e+01
1.666666666666662522e+01 1.669973864047370427e+01 1.676770210266113281e+01
1.666666666666662522e+01 1.669905265814259465e+01 1.676581954956054688e+01
1.666666666666662522e+01 1.669838090452859447e+01 1.676396369934082031e+01
1.666666666666662522e+01 1.669772308449812570e+01 1.676214790344238281e+01
1.666666666666662522e+01 1.669707890903936232e+01 1.676037216186523438e+01
1.666666666666662522e+01 1.669644809513517458e+01 1.675862312316894531e+01
1.666666666666662522e+01 1.669583036563878409e+01 1.675691413879394531e+01
1.666666666666662522e+01 1.669522544915207973e+01 1.675523185729980469e+01
1.666666666666662522e+01 1.669463307990622170e+01 1.675356292724609375e+01
1.666666666666662522e+01 1.669405299764508044e+01 1.675193405151367188e+01
1.666666666666662522e+01 1.669348494751071499e+01 1.675034523010253906e+01
1.666666666666662522e+01 1.669292867993148732e+01 1.674879646301269531e+01
1.666666666666662522e+01 1.669238395051243984e+01 1.674726104736328125e+01
1.666666666666662522e+01 1.669185051992783642e+01 1.674573898315429688e+01
1.666666666666662522e+01 1.669132815381606605e+01 1.674425697326660156e+01
1.666666666666662522e+01 1.669081662267668520e+01 1.674281501770019531e+01
1.666666666666662522e+01 1.669031570176957402e+01 1.674137306213378906e+01
1.666666666666662522e+01 1.668982517101618157e+01 1.673997116088867188e+01
1.666666666666662522e+01 1.668934481490283517e+01 1.673860931396484375e+01
1.666666666666662522e+01 1.668887442238611385e+01 1.673726081848144531e+01
1.666666666666662522e+01 1.668841378680006216e+01 1.673592567443847656e+01
1.666666666666662522e+01 1.668796270576536855e+01 1.673461723327636719e+01
1.666666666666662522e+01 1.668752098110055826e+01 1.673334884643554688e+01
1.666666666666662522e+01 1.668708841873482740e+01 1.673209381103515625e+01
1.666666666666662522e+01 1.668666482862281697e+01 1.673086547851562500e+01
1.666666666666662522e+01 1.668625002466112761e+01 1.672965049743652344e+01
1.666666666666662522e+01 1.668584382460647575e+01 1.672847557067871094e+01
1.666666666666662522e+01 1.668544604999573977e+01 1.672731399536132812e+01
1.666666666666662522e+01 1.668505652606749834e+01 1.672616577148437500e+01
1.666666666666662522e+01 1.668467508168518521e+01 1.672505760192871094e+01
1.666666666666662522e+01 1.668430154926205944e+01 1.672394943237304688e+01
1.666666666666662522e+01 1.668393576468744399e+01 1.672286796569824219e+01
1.666666666666662522e+01 1.668357756725460561e+01 1.672181320190429688e+01
1.666666666666662522e+01 1.668322679959030097e+01 1.672077178955078125e+01
1.666666666666662522e+01 1.668288330758549165e+01 1.671974372863769531e+01
1.666666666666662522e+01 1.668254694032767560e+01 1.671875572204589844e+01
1.666666666666662522e+01 1.668221755003461126e+01 1.671776771545410156e+01
1.666666666666662522e+01 1.668189499198938464e+01 1.671680641174316406e+01
1.666666666666662522e+01 1.668157912447676949e+01 1.671584510803222656e+01
1.666666666666662522e+01 1.668126980872105491e+01 1.671492385864257812e+01
1.666666666666662522e+01 1.668096690882501676e+01 1.671400260925292969e+01
1.666666666666662522e+01 1.668067029171023208e+01 1.671310806274414062e+01
1.666666666666662522e+01 1.668037982705858724e+01 1.671224021911621094e+01
1.666666666666662522e+01 1.668009538725505436e+01 1.671137237548828125e+01
1.666666666666662522e+01 1.667981684733158687e+01 1.671053123474121094e+01
1.666666666666662522e+01 1.667954408491228335e+01 1.670969009399414062e+01
1.666666666666662522e+01 1.667927698015954618e+01 1.670887565612792969e+01
1.666666666666662522e+01 1.667901541572143387e+01 1.670807456970214844e+01
1.666666666666662522e+01 1.667875927668020708e+01 1.670728683471679688e+01
1.666666666666662522e+01 1.667850845050167052e+01 1.670652580261230469e+01
1.666666666666662522e+01 1.667826282698590745e+01 1.670576477050781250e+01
1.666666666666662522e+01 1.667802229821876026e+01 1.670501708984375000e+01
1.666666666666662522e+01 1.667778675852438042e+01 1.670429611206054688e+01
1.666666666666662522e+01 1.667755610441892244e+01 1.670357513427734375e+01
1.666666666666662522e+01 1.667733023456495900e+01 1.670289421081542969e+01
1.666666666666662522e+01 1.667710904972708974e+01 1.670219993591308594e+01
1.666666666666662522e+01 1.667689245272819676e+01 1.670150566101074219e+01
1.666666666666662522e+01 1.667668034840686886e+01 1.670085144042968750e+01
1.666666666666662522e+01 1.667647264357549730e+01 1.670021057128906250e+01
1.666666666666662522e+01 1.667626924697941604e+01 1.669956970214843750e+01
1.666666666666662522e+01 1.667607006925673829e+01 1.669894218444824219e+01
1.666666666666662522e+01 1.667587502289913814e+01 1.669832801818847656e+01
1.666666666666662522e+01 1.667568402221345281e+01 1.669771385192871094e+01
1.666666666666662522e+01 1.667549698328393148e+01 1.669713973999023438e+01
1.666666666666662522e+01 1.667531382393540440e+01 1.669656562805175781e+01
1.666666666666662522e+01 1.667513446369717300e+01 1.669597816467285156e+01
1.666666666666662522e+01 1.667495882376774574e+01 1.669541740417480469e+01
1.666666666666662522e+01 1.667478682698004633e+01 1.669488334655761719e+01
1.666666666666662522e+01 1.667461839776766652e+01 1.669434928894042969e+01
1.666666666666662522e+01 1.667445346213156654e+01 1.669380187988281250e+01
1.666666666666662522e+01 1.667429194760762101e+01 1.669328117370605469e+01
1.666666666666662522e+01 1.667413378323478668e+01 1.669280052185058594e+01
1.666666666666662522e+01 1.667397889952389178e+01 1.669230651855468750e+01
1.666666666666662522e+01 1.667382722842709697e+01 1.669178581237792969e+01
1.666666666666662522e+01 1.667367870330800272e+01 1.669130516052246094e+01
1.666666666666662522e+01 1.667353325891242832e+01 1.669086456298828125e+01
1.666666666666662522e+01 1.667339083133968813e+01 1.669041061401367188e+01
1.666666666666662522e+01 1.667325135801451452e+01 1.668992996215820312e+01
1.666666666666662522e+01 1.667311477765960248e+01 1.668946266174316406e+01
1.666666666666662522e+01 1.667298103026865164e+01 1.668903541564941406e+01
1.666666666666662522e+01 1.667285005708002998e+01 1.668864822387695312e+01
1.666666666666662522e+01 1.667272180055095987e+01 1.668822097778320312e+01
1.666666666666662522e+01 1.667259620433220135e+01 1.668776702880859375e+01
1.666666666666662522e+01 1.667247321324330755e+01 1.668735313415527344e+01
1.666666666666662522e+01 1.667235277324842713e+01 1.668700599670410156e+01
1.666666666666662522e+01 1.667223483143247975e+01 1.668663215637207031e+01
1.666666666666662522e+01 1.667211933597797824e+01 1.668623161315917969e+01
1.666666666666662522e+01 1.667200623614224853e+01 1.668581771850585938e+01
1.666666666666662522e+01 1.667189548223512219e+01 1.668544387817382812e+01
1.666666666666662522e+01 1.667178702559707659e+01 1.668512344360351562e+01
1.666666666666662522e+01 1.667168081857794704e+01 1.668480300903320312e+01
1.666666666666662522e+01 1.667157681451588758e+01 1.668444252014160156e+01
1.666666666666662522e+01 1.667147496771692872e+01 1.668406867980957031e+01
1.666666666666662522e+01 1.667137523343490813e+01 1.668369483947753906e+01
1.666666666666662522e+01 1.667127756785174952e+01 1.668338775634765625e+01
1.666666666666662522e+01 1.667118192805831356e+01 1.668312072753906250e+01
1.666666666666662522e+01 1.667108827203544763e+01 1.668281364440917969e+01
1.666666666666662522e+01 1.667099655863558283e+01 1.668247985839843750e+01
1.666666666666662522e+01 1.667090674756462931e+01 1.668214607238769531e+01
1.666666666666662522e+01 1.667081879936426958e+01 1.668183898925781250e+01
1.666666666666662522e+01 1.667073267539464965e+01 1.668154525756835938e+01
1.666666666666662522e+01 1.667064833781739353e+01 1.668129158020019531e+01
1.666666666666662522e+01 1.667056574957899073e+01 1.668103790283203125e+01
1.666666666666662522e+01 1.667048487439440763e+01 1.668071746826171875e+01
1.666666666666662522e+01 1.667040567673137019e+01 1.668043708801269531e+01
1.666666666666662522e+01 1.667032812179452250e+01 1.668023681640625000e+01
1.666666666666662522e+01 1.667025217551025662e+01 1.668004989624023438e+01
1.666666666666662522e+01 1.667017780451174147e+01 1.667980957031250000e+01
1.666666666666662522e+01 1.667010497612427500e+01 1.667955589294433594e+01
1.666666666666662522e+01 1.667003365835078554e+01 1.667930221557617188e+01
1.666666666666662522e+01 1.666996381985800468e+01 1.667907524108886719e+01
1.666666666666662522e+01 1.666989542996251572e+01 1.667886161804199219e+01
1.666666666666662522e+01 1.666982845861739904e+01 1.667862129211425781e+01
1.666666666666662522e+01 1.666976287639890231e+01 1.667836761474609375e+01
1.666666666666662522e+01 1.666969865449360810e+01 1.667812728881835938e+01
1.666666666666662522e+01 1.666963576468580044e+01 1.667790031433105469e+01
1.666666666666662522e+01 1.666957417934493080e+01 1.667765998840332031e+01
1.666666666666662522e+01 1.666951387141358154e+01 1.667740631103515625e+01
1.666666666666662522e+01 1.666945481439565313e+01 1.667716598510742188e+01
1.666666666666662522e+01 1.666939698234457623e+01 1.667692565917968750e+01
1.666666666666662522e+01 1.666934034985192170e+01 1.667669868469238281e+01
1.666666666666662522e+01 1.666928489203635877e+01 1.667652511596679688e+01
1.666666666666662522e+01 1.666923058453258832e+01 1.667640495300292969e+01
1.666666666666662522e+01 1.666917740348069898e+01 1.667628479003906250e+01
1.666666666666662522e+01 1.666912532551577186e+01 1.667612457275390625e+01
1.666666666666662522e+01 1.666907432775741071e+01 1.667595100402832031e+01
1.666666666666662522e+01 1.666902438779986895e+01 1.667579078674316406e+01
1.666666666666662522e+01 1.666897548370215176e+01 1.667564392089843750e+01
1.666666666666662522e+01 1.666892759397831725e+01 1.667548370361328125e+01
1.666666666666662522e+01 1.666888069758815050e+01 1.667533683776855469e+01
1.666666666666662522e+01 1.666883477392778801e+01 1.667517662048339844e+01
1.666666666666662522e+01 1.666878980282078970e+01 1.667500305175781250e+01
1.666666666666662522e+01 1.666874576450916123e+01 1.667485618591308594e+01
1.666666666666662522e+01 1.666870263964479904e+01 1.667469596862792969e+01
1.666666666666662522e+01 1.666866040928086079e+01 1.667453575134277344e+01
1.666666666666662522e+01 1.666861905486355866e+01 1.667437553405761719e+01
1.666666666666662522e+01 1.666857855822387791e+01 1.667421531677246094e+01
1.666666666666662522e+01 1.666853890156971829e+01 1.667405509948730469e+01
1.666666666666662522e+01 1.666850006747803548e+01 1.667389488220214844e+01
1.666666666666662522e+01 1.666846203888710676e+01 1.667373466491699219e+01
1.666666666666662522e+01 1.666842479908919472e+01 1.667356109619140625e+01
1.666666666666662522e+01 1.666838833172308654e+01 1.667340087890625000e+01
1.666666666666662522e+01 1.666835262076685709e+01 1.667325401306152344e+01
1.666666666666662522e+01 1.666831765053102998e+01 1.667308044433593750e+01
1.666666666666662522e+01 1.666828340565144018e+01 1.667290687561035156e+01
1.666666666666662522e+01 1.666824987108274314e+01 1.667274665832519531e+01
1.666666666666662522e+01 1.666821703209155103e+01 1.667262649536132812e+01
1.666666666666662522e+01 1.666818487425016571e+01 1.667257308959960938e+01
1.666666666666662522e+01 1.666815338343006303e+01 1.667254638671875000e+01
1.666666666666662522e+01 1.666812254579584973e+01 1.667247962951660156e+01
1.666666666666662522e+01 1.666809234779907101e+01 1.667237281799316406e+01
1.666666666666662522e+01 1.666806277617226684e+01 1.667229270935058594e+01
1.666666666666662522e+01 1.666803381792325212e+01 1.667222595214843750e+01
1.666666666666662522e+01 1.666800546032927244e+01 1.667215919494628906e+01
1.666666666666662522e+01 1.666797769093143344e+01 1.667207908630371094e+01
1.666666666666662522e+01 1.666795049752935398e+01 1.667199897766113281e+01
1.666666666666662522e+01 1.666792386817564520e+01 1.667191886901855469e+01
1.666666666666662522e+01 1.666789779117078751e+01 1.667183876037597656e+01
1.666666666666662522e+01 1.666787225505788328e+01 1.667177200317382812e+01
1.666666666666662522e+01 1.666784724861768296e+01 1.667169189453125000e+01
1.666666666666662522e+01 1.666782276086366110e+01 1.667161178588867188e+01
1.666666666666662522e+01 1.666779878103719170e+01 1.667153167724609375e+01
1.666666666666662522e+01 1.666777529860279827e+01 1.667145156860351562e+01
1.666666666666662522e+01 1.666775230324347845e+01 1.667137145996093750e+01
1.666666666666662522e+01 1.666772978485632706e+01 1.667130470275878906e+01
1.666666666666662522e+01 1.666770773354793533e+01 1.667122459411621094e+01
1.666666666666662522e+01 1.666768613963008860e+01 1.667113113403320312e+01
1.666666666666662522e+01 1.666766499361551368e+01 1.667105102539062500e+01
1.666666666666662522e+01 1.666764428621377547e+01 1.667098426818847656e+01
1.666666666666662522e+01 1.666762400832714874e+01 1.667090415954589844e+01
1.666666666666662522e+01 1.666760415104656445e+01 1.667081069946289062e+01
1.666666666666662522e+01 1.666758470564775507e+01 1.667073059082031250e+01
1.666666666666662522e+01 1.666756566358742475e+01 1.667066383361816406e+01
1.666666666666662522e+01 1.666754701649949411e+01 1.667058372497558594e+01
1.666666666666662522e+01 1.666752875619141960e+01 1.667049026489257812e+01
1.666666666666662522e+01 1.666751087464056269e+01 1.667041015625000000e+01
1.666666666666662522e+01 1.666749336399068326e+01 1.667033004760742188e+01
1.666666666666662522e+01 1.666747621654853262e+01 1.667024993896484375e+01
1.666666666666662522e+01 1.666745942478042153e+01 1.667016983032226562e+01
1.666666666666662522e+01 1.666744298130891266e+01 1.667007637023925781e+01
1.666666666666662522e+01 1.666742687890961250e+01 1.666999626159667969e+01
1.666666666666662522e+01 1.666741111050796320e+01 1.666991615295410156e+01
1.666666666666662522e+01 1.666739566917615889e+01 1.666983604431152344e+01
1.666666666666662522e+01 1.666738054813003700e+01 1.666975593566894531e+01
1.666666666666662522e+01 1.666736574072624322e+01 1.666967582702636719e+01
1.666666666666662522e+01 1.666735124045914773e+01 1.666958236694335938e+01
1.666666666666662522e+01 1.666733704095813451e+01 1.666950225830078125e+01
1.666666666666662522e+01 1.666732313598464188e+01 1.666942214965820312e+01
1.666666666666662522e+01 1.666730951942955130e+01 1.666932868957519531e+01
1.666666666666662522e+01 1.666729618531047663e+01 1.666924858093261719e+01
1.666666666666662522e+01 1.666728312776907828e+01 1.666916847229003906e+01
1.666666666666662522e+01 1.666727034106857630e+01 1.666908836364746094e+01
1.666666666666662522e+01 1.666725781959113917e+01 1.666899490356445312e+01
1.666666666666662522e+01 1.666724555783549633e+01 1.666890144348144531e+01
1.666666666666662522e+01 1.666723355041445132e+01 1.666882133483886719e+01
1.666666666666662522e+01 1.666722179205259380e+01 1.666875457763671875e+01
1.666666666666662522e+01 1.666721027758391216e+01 1.666866111755371094e+01
1.666666666666662522e+01 1.666719900194955528e+01 1.666863441467285156e+01
1.666666666666662522e+01 1.666718796019556947e+01 1.666867446899414062e+01
1.666666666666662522e+01 1.666717714747078460e+01 1.666872787475585938e+01
1.666666666666662522e+01 1.666716655902467537e+01 1.666867446899414062e+01
1.666666666666662522e+01 1.666715619020524741e+01 1.666856765747070312e+01
1.666666666666662522e+01 1.666714603645692350e+01 1.666856765747070312e+01
1.666666666666662522e+01 1.666713609331872803e+01 1.666863441467285156e+01
1.666666666666662522e+01 1.666712635642217322e+01 1.666867446899414062e+01
1.666666666666662522e+01 1.666711682148931928e+01 1.666866111755371094e+01
1.666666666666662522e+01 1.666710748433103362e+01 1.666863441467285156e+01
1.666666666666662522e+01 1.666709834084502617e+01 1.666863441467285156e+01
1.666666666666662522e+01 1.666708938701418319e+01 1.666864776611328125e+01
1.666666666666662522e+01 1.666708061890465231e+01 1.666867446899414062e+01
1.666666666666662522e+01 1.666707203266415149e+01 1.666867446899414062e+01
1.666666666666662522e+01 1.666706362452035250e+01 1.666866111755371094e+01
1.666666666666662522e+01 1.666705539077914011e+01 1.666866111755371094e+01
1.660096419134971768e+01 1.662981592514347184e+01 1.666868782043457031e+01
1.647117705371224261e+01 1.653990027254723572e+01 1.660936737060546875e+01
1.628050104382162999e+01 1.639300043596227496e+01 1.645227432250976562e+01
1.603363123785877775e+01 1.619012426322437292e+01 1.621575355529785156e+01
1.573664638976042340e+01 1.593521396002235591e+01 1.593930053710937500e+01
1.539685925212294038e+01 1.563411199563290488e+01 1.563540172576904297e+01
1.502263651196382099e+01 1.529404467239004717e+01 1.529214954376220703e+01
1.462319277511985050e+01 1.492329604904174722e+01 1.490608596801757812e+01
1.420836367206989692e+01 1.453094505199559272e+01 1.449270534515380859e+01
1.378836367206989344e+01 1.412661849379227519e+01 1.407270240783691406e+01
1.337353456901993987e+01 1.372024470766391246e+01 1.365728569030761719e+01
1.297409083217598180e+01 1.332180536669905280e+01 1.325108814239501953e+01
1.259986809201687485e+01 1.294108821989885350e+01 1.286058521270751953e+01
1.226008095437940426e+01 1.258744549018306280e+01 1.249743270874023438e+01
1.196309610628106235e+01 1.226956334924633296e+01 1.217420101165771484e+01
1.171622630031823498e+01 1.199524793318090232e+01 1.189926815032958984e+01
1.152555029042763479e+01 1.177123308342677532e+01 1.167707347869873047e+01
1.139576315279017216e+01 1.160301451352705904e+01 1.151168918609619141e+01
1.133006067747328949e+01 1.149471447170077631e+01 1.140678691864013672e+01
1.133006067747331436e+01 1.144898022637797119e+01 1.136651229858398438e+01
1.139576315279023433e+01 1.146691887220634243e+01 1.139190006256103516e+01
1.152555029042773427e+01 1.154807006097860445e+01 1.147796344757080078e+01
1.171622630031835932e+01 1.169041732859903782e+01 1.162387466430664062e+01
1.196309610628121156e+01 1.189043773904457346e+01 1.183009433746337891e+01
1.226008095437957834e+01 1.214318862286596179e+01 1.209291076660156250e+01
1.259986809201707381e+01 1.244242927441432833e+01 1.240437316894531250e+01
1.297409083217620562e+01 1.278077461119173464e+01 1.275501537322998047e+01
1.337353456902017612e+01 1.314987701171646783e+01 1.313617897033691406e+01
1.378836367207014213e+01 1.354063185444602802e+01 1.353965950012207031e+01
1.420836367207014561e+01 1.394340169670446095e+01 1.395631790161132812e+01
1.462319277512009918e+01 1.434825357358079856e+01 1.437566661834716797e+01
1.502263651196405725e+01 1.474520357370971624e+01 1.478653049468994141e+01
1.539685925212315176e+01 1.512446266966338193e+01 1.517821502685546875e+01
1.573664638976060992e+01 1.547667774979177757e+01 1.554112720489501953e+01
1.603363123785893762e+01 1.579316191650497814e+01 1.586661529541015625e+01
1.628050104382174013e+01 1.606610838028605315e+01 1.614670562744140625e+01
1.647117705371232788e+01 1.628878268265173901e+01 1.637422752380371094e+01
1.660096419134977808e+01 1.645568851489089113e+01 1.654265594482421875e+01
1.666666666666663588e+01 1.656270304957030604e+01 1.664857292175292969e+01
1.666666666666658614e+01 1.660717845249467572e+01 1.669075012207031250e+01
1.660096419134965373e+01 1.658800707555676368e+01 1.666853332519531250e+01
1.647117705371212892e+01 1.650564872521102444e+01 1.658157539367675781e+01
1.628050104382149144e+01 1.636211933512770145e+01 1.643046379089355469e+01
1.603363123785861433e+01 1.616094132194236721e+01 1.621773529052734375e+01
1.573664638976023511e+01 1.590705684650420615e+01 1.594867706298828125e+01
1.539685925212272721e+01 1.560670611641715411e+01 1.563260173797607422e+01
1.502263651196359540e+01 1.526727372646690206e+01 1.527900218963623047e+01
1.462319277511961246e+01 1.489710682054005098e+01 1.489550876617431641e+01
1.420836367206964646e+01 1.450530955249064036e+01 1.448983860015869141e+01
1.378836367206964297e+01 1.410151890700717381e+01 1.407182502746582031e+01
1.337353456901968940e+01 1.369566740051275211e+01 1.365281677246093750e+01
1.297409083217574377e+01 1.329773850518761513e+01 1.324314785003662109e+01
1.259986809201664926e+01 1.291752081838409794e+01 1.285295200347900391e+01
1.226008095437920353e+01 1.256436703059724280e+01 1.249202919006347656e+01
1.196309610628088649e+01 1.224696362699776842e+01 1.216944503784179688e+01
1.171622630031808399e+01 1.197311699323778811e+01 1.189312362670898438e+01
1.152555029042752111e+01 1.174956119231281448e+01 1.166970062255859375e+01
1.139576315279009577e+01 1.158179214564945880e+01 1.150424289703369141e+01
1.133006067747325041e+01 1.147393230142951026e+01 1.139980792999267578e+01
1.133006067747330015e+01 1.142862912246328655e+01 1.135962009429931641e+01
1.139576315279025742e+01 1.144698989317636695e+01 1.138347911834716797e+01
1.152555029042779466e+01 1.152855445097615217e+01 1.146824741363525391e+01
1.171622630031845702e+01 1.167130651344129078e+01 1.161439895629882812e+01
1.196309610628134656e+01 1.187172332241900818e+01 1.182159996032714844e+01
1.226008095437973822e+01 1.212486238262665950e+01 1.208489036560058594e+01
1.259986809201725855e+01 1.242448315896369770e+01 1.239598560333251953e+01
1.297409083217640280e+01 1.276320073594077087e+01 1.274607372283935547e+01
1.337353456902038573e+01 1.313266765561969329e+01 1.312709712982177734e+01
1.378836367207035174e+01 1.352377945660897574e+01 1.353081798553466797e+01
1.420836367207035522e+01 1.392689885306159958e+01 1.394775676727294922e+01
1.462319277512030880e+01 1.433209303364251852e+01 1.436711215972900391e+01
1.502263651196425442e+01 1.472937823737686003e+01 1.477779579162597656e+01
1.539685925212333650e+01 1.510896558410776436e+01 1.516938018798828125e+01
1.573664638976076979e+01 1.546150210640153944e+01 1.553234577178955078e+01
1.603363123785907263e+01 1.577830104789318177e+01 1.585793399810791016e+01
1.628050104382185026e+01 1.605155575736142026e+01 1.613807487487792969e+01
1.647117705371238827e+01 1.627453191175007774e+01 1.636562347412109375e+01
1.660096419134978873e+01 1.644173333496600264e+01 1.653403854370117188e+01
1.666666666666662167e+01 1.654903732944330486e+01 1.663999557495117188e+01
1.666666666666654706e+01 1.659379618816025470e+01 1.668211936950683594e+01
1.660096419134956491e+01 1.657490238754531475e+01 1.665990257263183594e+01
1.647117705371201524e+01 1.649281585600547118e+01 1.657303810119628906e+01
1.628050104382132801e+01 1.634955264663407348e+01 1.642224693298339844e+01
1.603363123785842603e+01 1.614863529301254985e+01 1.621014595031738281e+01
1.573664638976002195e+01 1.589500607051029846e+01 1.594152832031250000e+01
1.539685925212250162e+01 1.559490529887615295e+01 1.562525272369384766e+01
1.502263651196334493e+01 1.525571768271445983e+01 1.527129268646240234e+01
1.462319277511934956e+01 1.488579047345274375e+01 1.488777256011962891e+01
1.420836367206938355e+01 1.449422793025519418e+01 1.448236274719238281e+01
1.378836367206938007e+01 1.409066714093623318e+01 1.406452274322509766e+01
1.337353456901943893e+01 1.368504072290579821e+01 1.364544773101806641e+01
1.297409083217550574e+01 1.328733224723627515e+01 1.323573875427246094e+01
1.259986809201643609e+01 1.290733040812086330e+01 1.284560298919677734e+01
1.226008095437901524e+01 1.255438799088686253e+01 1.248478031158447266e+01
1.196309610628072306e+01 1.223719157357017373e+01 1.216222286224365234e+01
1.171622630031795786e+01 1.196354763276192656e+01 1.188588142395019531e+01
1.152555029042743229e+01 1.174019032051032418e+01 1.166247844696044922e+01
1.139576315279004426e+01 1.157261564544757348e+01 1.149689388275146484e+01
1.133006067747323620e+01 1.146494614115222532e+01 1.139244556427001953e+01
1.133006067747333567e+01 1.141982935406002753e+01 1.135238456726074219e+01
1.139576315279033025e+01 1.143837265048745166e+01 1.137576293945312500e+01
1.152555029042790480e+01 1.152011594803417616e+01 1.146020412445068359e+01
1.171622630031860446e+01 1.166304304280776449e+01 1.160657596588134766e+01
1.196309610628151887e+01 1.186363125355554970e+01 1.181421756744384766e+01
1.226008095437993539e+01 1.211693816029984738e+01 1.207774162292480469e+01
1.259986809201746816e+01 1.241672330168314886e+01 1.238878345489501953e+01
1.297409083217662484e+01 1.275560183442953566e+01 1.273877143859863281e+01
1.337353456902062021e+01 1.312522637131640835e+01 1.311982822418212891e+01
1.378836367207059865e+01 1.351649252020104086e+01 1.352372169494628906e+01
1.420836367207060214e+01 1.391976306304888134e+01 1.394080066680908203e+01
1.462319277512054327e+01 1.432510525493073494e+01 1.436022281646728516e+01
1.502263651196447647e+01 1.472253539990013671e+01 1.477098655700683594e+01
1.539685925212354611e+01 1.510226468147987688e+01 1.516273117065429688e+01
1.573664638976096697e+01 1.545494019459505886e+01 1.552582359313964844e+01
1.603363123785923605e+01 1.577187524394595108e+01 1.585136508941650391e+01
1.628050104382198882e+01 1.604526323811003152e+01 1.613144874572753906e+01
1.647117705371250196e+01 1.626836991258950249e+01 1.635918426513671875e+01
1.660096419134987755e+01 1.643569914863488179e+01 1.652789306640625000e+01
1.666666666666666075e+01 1.654312830483462093e+01 1.663395690917968750e+01
1.666666666666656127e+01 1.658800972915644323e+01 1.667598724365234375e+01
1.660096419134955426e+01 1.656923595187782183e+01 1.665371704101562500e+01
1.647117705371197971e+01 1.648726695413778742e+01 1.656693267822265625e+01
1.628050104382126761e+01 1.634411884066779663e+01 1.641631507873535156e+01
1.603363123785834077e+01 1.614331419561647607e+01 1.620446777343750000e+01
1.573664638975991181e+01 1.588979534387152270e+01 1.593622589111328125e+01
1.539685925212236661e+01 1.558980265367291729e+01 1.562004375457763672e+01
1.502263651196319749e+01 1.525072087711038904e+01 1.526593685150146484e+01
1.462319277511920212e+01 1.488089731211179689e+01 1.488235664367675781e+01
1.420836367206922368e+01 1.448943626337729462e+01 1.447710037231445312e+01
1.378836367206922020e+01 1.408597486331261983e+01 1.405943393707275391e+01
1.337353456901927906e+01 1.368044577299418485e+01 1.364040565490722656e+01
1.297409083217535830e+01 1.328283260625512163e+01 1.323066997528076172e+01
1.259986809201630109e+01 1.290292409916239791e+01 1.284055423736572266e+01
1.226008095437889267e+01 1.255007307804851990e+01 1.247981834411621094e+01
1.196309610628063780e+01 1.223296616110412494e+01 1.215737438201904297e+01
1.171622630031789747e+01 1.195940986424212937e+01 1.188109302520751953e+01
1.152555029042739676e+01 1.173613837801688220e+01 1.165771007537841797e+01
1.139576315279004604e+01 1.156864774876810564e+01 1.149206542968750000e+01
1.133006067747327528e+01 1.146106054699969867e+01 1.138765048980712891e+01
1.133006067747341206e+01 1.141602435530680459e+01 1.134763622283935547e+01
1.139576315279044394e+01 1.143464657541537832e+01 1.137080097198486328e+01
1.152555029042804335e+01 1.151646715960000122e+01 1.145518207550048828e+01
1.171622630031876788e+01 1.165946993792399056e+01 1.160180759429931641e+01
1.196309610628171960e+01 1.186013226238606855e+01 1.180969619750976562e+01
1.226008095438016099e+01 1.211351174557027299e+01 1.207329368591308594e+01
1.259986809201771862e+01 1.241336795800538795e+01 1.238427543640136719e+01
1.297409083217690018e+01 1.275231608764042157e+01 1.273423004150390625e+01
1.337353456902090798e+01 1.312200877783001296e+01 1.311537361145019531e+01
1.378836367207088642e+01 1.351334166637446543e+01 1.351940155029296875e+01
1.420836367207088990e+01 1.391667756456111604e+01 1.393658733367919922e+01
1.462319277512083104e+01 1.432208375617453733e+01 1.435611629486083984e+01
1.502263651196475180e+01 1.471957657338639436e+01 1.476706027984619141e+01
1.539685925212379658e+01 1.509936722725437974e+01 1.515879154205322266e+01
1.573664638976119257e+01 1.545210283966735787e+01 1.552181720733642578e+01
1.603363123785943500e+01 1.576909674173017883e+01 1.584739208221435547e+01
1.628050104382216290e+01 1.604254236787708976e+01 1.612751960754394531e+01
1.647117705371265117e+01 1.626570547893074448e+01 1.635532188415527344e+01
1.660096419134997703e+01 1.643308998093705853e+01 1.652420425415039062e+01
1.666666666666673535e+01 1.654057325676532741e+01 1.663038825988769531e+01
1.666666666666658614e+01 1.658550767816074512e+01 1.667241859436035156e+01
1.660096419134952939e+01 1.656678579868485457e+01 1.665009498596191406e+01
1.647117705371190510e+01 1.648486762227789981e+01 1.656335067749023438e+01
1.628050104382116814e+01 1.634176927599964202e+01 1.641289329528808594e+01
1.603363123785821642e+01 1.614101336586377755e+01 1.620119285583496094e+01
1.573664638975976260e+01 1.588754223816958699e+01 1.593310737609863281e+01
1.539685925212219253e+01 1.558759628212447446e+01 1.561692523956298828e+01
1.502263651196301097e+01 1.524856027035075812e+01 1.526277160644531250e+01
1.462319277511900317e+01 1.487878152088299188e+01 1.487921142578125000e+01
1.420836367206902473e+01 1.448736435811088441e+01 1.447400188446044922e+01
1.378836367206902125e+01 1.408394593372140413e+01 1.405640888214111328e+01
1.337353456901909254e+01 1.367845892767223859e+01 1.363744735717773438e+01
1.297409083217517178e+01 1.328088697228612070e+01 1.322771835327148438e+01
1.259986809201612701e+01 1.290101882173617653e+01 1.283760261535644531e+01
1.226008095437874346e+01 1.254820732008547424e+01 1.247691345214843750e+01
1.196309610628051345e+01 1.223113910288742545e+01 1.215452957153320312e+01
1.171622630031781043e+01 1.195762070305759295e+01 1.187830829620361328e+01
1.152555029042734702e+01 1.173438632780035462e+01 1.165495872497558594e+01
1.139576315279002117e+01 1.156693203976000639e+01 1.148930072784423828e+01
1.133006067747328771e+01 1.145938042540688961e+01 1.138489913940429688e+01
1.133006067747346179e+01 1.141437908297145931e+01 1.134493827819824219e+01
1.139576315279053098e+01 1.143303542949050389e+01 1.136801624298095703e+01
1.152555029042816770e+01 1.151488943223206007e+01 1.145235061645507812e+01
1.171622630031892953e+01 1.165792493594176449e+01 1.159900951385498047e+01
1.196309610628190612e+01 1.185861930699617517e+01 1.180699157714843750e+01
1.226008095438037238e+01 1.211203017205894916e+01 1.207068252563476562e+01
1.259986809201795488e+01 1.241191711544642828e+01 1.238172435760498047e+01
1.297409083217714887e+01 1.275089533860920987e+01 1.273173904418945312e+01
1.337353456902116910e+01 1.312061749812346001e+01 1.311290931701660156e+01
1.378836367207115998e+01 1.351197924473675371e+01 1.351696395874023438e+01
1.420836367207116346e+01 1.391534340241517675e+01 1.393418312072753906e+01
1.462319277512109217e+01 1.432077726735906076e+01 1.435381889343261719e+01
1.502263651196500049e+01 1.471829718389823682e+01 1.476488304138183594e+01
1.539685925212403284e+01 1.509811437499645415e+01 1.515663433074951172e+01
1.573664638976140395e+01 1.545087597420167214e+01 1.551957321166992188e+01
1.603363123785962330e+01 1.576789532403599736e+01 1.584512805938720703e+01
1.628050104382232632e+01 1.604136587011403847e+01 1.612529754638671875e+01
1.647117705371276486e+01 1.626455338420702290e+01 1.635316658020019531e+01
1.660096419135006585e+01 1.643196178308225797e+01 1.652211570739746094e+01
1.666666666666677443e+01 1.653946846010813232e+01 1.662828636169433594e+01
1.666666666666657548e+01 1.658442579731103095e+01 1.667027664184570312e+01
1.660096419134949386e+01 1.656572635832056051e+01 1.664797973632812500e+01
