2.000000000000000000e+01 2.000000000000000000e+01 2.000000000000000000e+01
1.993952000000000169e+01 2.006720840000000194e+01 2.000000000000000000e+01
1.975362931236766428e+01 2.024324730724997679e+01 2.000000000000000000e+01
1.948460845913490402e+01 2.044946767157884437e+01 2.000002735853195190e+01
1.919853291592417577e+01 2.060471836934422640e+01 2.000012099742889404e+01
1.892277501411236784e+01 2.068241366522813252e+01 2.000037610530853271e+01
1.866893554852109105e+01 2.068176351796543599e+01 2.000091934204101562e+01
1.844170484630937068e+01 2.061447084251087603e+01 2.000175714492797852e+01
1.824212648564715522e+01 2.049796137814079344e+01 2.000223064422607422e+01
1.806870430127831639e+01 2.035106041239228603e+01 2.000039339065551758e+01
1.791781092634359140e+01 2.018987492389841520e+01 1.999328041076660156e+01
1.778405270134194893e+01 2.002371189742024171e+01 1.997812080383300781e+01
1.766086318580094883e+01 1.985270632171045690e+01 1.995304203033447266e+01
1.754134813995965203e+01 1.966822128084983490e+01 1.991648483276367188e+01
1.741922287158962490e+01 1.945674935275360440e+01 1.986484527587890625e+01
1.728959869389493065e+01 1.921145985057651728e+01 1.978540802001953125e+01
1.714941798163209796e+01 1.895242985498882149e+01 1.965311241149902344e+01
1.699747414316895799e+01 1.871062233616412129e+01 1.946222877502441406e+01
1.683409912998365598e+01 1.849069744713509067e+01 1.924908447265625000e+01
1.666068173605530944e+01 1.827582114644069122e+01 1.906319808959960938e+01
1.647917611511141445e+01 1.805788714259081473e+01 1.892746734619140625e+01
1.629170323475759119e+01 1.784520132383508439e+01 1.882696533203125000e+01
1.610028260568532232e+01 1.764500841121787289e+01 1.872310638427734375e+01
1.590668526313392306e+01 1.745309539350535033e+01 1.859983825683593750e+01
1.571237761930848364e+01 1.726257287357665859e+01 1.847484970092773438e+01
1.551852285251979424e+01 1.707336515179125058e+01 1.836025619506835938e+01
1.532601272732667042e+01 1.688919134322007665e+01 1.824810028076171875e+01
1.513551137123343437e+01 1.671057498392855223e+01 1.813060760498046875e+01
1.494750010825795528e+01 1.653474616995346480e+01 1.801121520996093750e+01
1.476231787621509284e+01 1.636020816667189592e+01 1.789441680908203125e+01
1.458019514334152689e+01 1.618805376730425394e+01 1.777834320068359375e+01
1.440128111118636411e+01 1.601933402692350228e+01 1.766036987304687500e+01
1.422566488000856566e+01 1.585348998478374938e+01 1.754167938232421875e+01
1.405339157207845346e+01 1.568954082638074965e+01 1.742408752441406250e+01
1.388447443037981088e+01 1.552745872610384481e+01 1.730682373046875000e+01
1.371890379875208055e+01 1.536783342524728369e+01 1.718851470947265625e+01
1.355665373397664553e+01 1.521074602158162747e+01 1.706847381591796875e+01
1.339768684499384221e+01 1.505581760193595642e+01 1.694662475585937500e+01
1.324195781813853046e+01 1.490281269840497202e+01 1.682347869873046875e+01
1.308941597552055214e+01 1.475185765338832766e+01 1.669973754882812500e+01
1.294000712568660560e+01 1.460321176109619046e+01 1.657637023925781250e+01
1.279367489821987647e+01 1.445667430878714299e+01 1.645533752441406250e+01
1.265036170309014096e+01 1.431214518537004210e+01 1.633905029296875000e+01
1.251000941771957287e+01 1.416959150363405229e+01 1.622521972656250000e+01
1.237255987679628788e+01 1.402909131663639641e+01 1.610929870605468750e+01
1.223795521937847752e+01 1.389064903073014534e+01 1.599159240722656250e+01
1.210613813286505547e+01 1.375417908328876138e+01 1.587518310546875000e+01
1.197705202251245282e+01 1.361965776907175041e+01 1.576080322265625000e+01
1.185064112725871155e+01 1.348706166159973918e+01 1.564665222167968750e+01
1.172685059687643161e+01 1.335641300346225080e+01 1.553179931640625000e+01
1.160562654131325644e+01 1.322768788110982996e+01 1.541723632812500000e+01
1.148691606006812549e+01 1.310083129309313676e+01 1.530384826660156250e+01
1.137066725727476069e+01 1.297583331250666561e+01 1.519129943847656250e+01
1.125682924658516981e+01 1.285268322164810684e+01 1.507893371582031250e+01
1.114535214881050251e+01 1.273136945363856398e+01 1.496682739257812500e+01
1.103618708445114294e+01 1.261187955602085253e+01 1.485545349121093750e+01
1.092928616265544406e+01 1.249415439374470793e+01 1.474494934082031250e+01
1.082460246771537982e+01 1.237805762220443739e+01 1.463519287109375000e+01
1.072209004389785036e+01 1.226348249739825746e+01 1.452607727050781250e+01
1.062170387918610004e+01 1.215045869176918814e+01 1.441760253906250000e+01
1.052339988834376072e+01 1.203903023220291857e+01 1.430989074707031250e+01
1.042713489559761797e+01 1.192920973474815582e+01 1.420301818847656250e+01
1.033286661714996058e+01 1.182090212365872617e+01 1.409701538085937500e+01
1.024055364367166021e+01 1.171410300990817177e+01 1.399174499511718750e+01
1.015015542288205097e+01 1.160880715352789139e+01 1.388719177246093750e+01
1.006163224229084108e+01 1.150503899674748709e+01 1.378347778320312500e+01
9.974945212153500051e+00 1.140276112708022538e+01 1.368063354492187500e+01
9.890056248676842188e+00 1.130193532838916326e+01 1.357862854003906250e+01
9.806928057497202644e+00 1.120253785555877357e+01 1.347743225097656250e+01
9.725524117447093886e+00 1.110458996784507235e+01 1.337704467773437500e+01
9.645808664619664796e+00 1.100808165053246057e+01 1.327751159667968750e+01
9.567746676735112032e+00 1.091295637153729103e+01 1.317890930175781250e+01
9.491303857811260514e+00 1.081914161414186992e+01 1.308120727539062500e+01
9.416446623136494054e+00 1.072673199736408378e+01 1.298432922363281250e+01
9.343142084544751924e+00 1.063576040875619810e+01 1.288822937011718750e+01
9.271358035987532276e+00 1.054622853634515423e+01 1.279298400878906250e+01
9.201062939399832885e+00 1.045801532998507355e+01 1.269863891601562500e+01
9.132225910855424900e+00 1.037118219094901406e+01 1.260510253906250000e+01
9.064816707005775243e+00 1.028569832726196864e+01 1.251242065429687500e+01
8.998805711799093388e+00 1.020156283727720847e+01 1.242050170898437500e+01
8.934163923472624447e+00 1.011874368751398379e+01 1.232925415039062500e+01
8.870862941813641100e+00 1.003723876054397124e+01 1.223873901367187500e+01
8.808874955684075303e+00 9.957014832303343610e+00 1.214898681640625000e+01
8.748172730803958075e+00 9.878068619461316757e+00 1.205999755859375000e+01
8.688729597786561953e+00 9.800365756224607594e+00 1.197180175781250000e+01
8.630519440422119715e+00 9.723932358785589258e+00 1.188430786132812500e+01
8.573516684204946614e+00 9.648702448903407003e+00 1.179760742187500000e+01
8.517696285097201780e+00 9.574670553028795439e+00 1.171170043945312500e+01
8.463033718526332905e+00 9.501830678149758569e+00 1.162658691406250000e+01
8.409504968610406195e+00 9.430115287409080338e+00 1.154226684570312500e+01
8.357086517607285714e+00 9.359547898545656608e+00 1.145867919921875000e+01
8.305755335581807230e+00 9.290121023914139187e+00 1.137588500976562500e+01
8.255488870287820191e+00 9.221887733336870951e+00 1.129379272460937500e+01
8.206265037260095596e+00 9.154748040965216660e+00 1.121255493164062500e+01
8.158062210111893364e+00 9.088723573185347959e+00 1.113217163085937500e+01
8.110859211032845906e+00 9.023804990228654788e+00 1.105252075195312500e+01
8.064635301484997854e+00 8.959982513054512765e+00 1.097369384765625000e+01
8.019370173091317611e+00 8.897154379727112428e+00 1.089569091796875000e+01
7.975043938712985891e+00 8.835248924650613844e+00 1.081854248046875000e+01
7.931637123712619086e+00 8.774224587306036938e+00 1.074227905273437500e+01
7.889130657397515733e+00 8.714069920807787639e+00 1.066680908203125000e+01
7.847505864641220796e+00 8.654803600282150455e+00 1.059219360351562500e+01
7.806744457678973959e+00 8.596474431072124389e+00 1.051843261718750000e+01
7.766828528072494464e+00 8.538978251303205980e+00 1.044561767578125000e+01
7.727740538842169826e+00 8.482363115533132714e+00 1.037362670898437500e+01
7.689463316762783052e+00 8.426585161831269488e+00 1.030242919921875000e+01
7.651980044817207727e+00 8.371630689636219813e+00 1.023208618164062500e+01
7.615274254808923615e+00 8.317546684722628925e+00 1.016259765625000000e+01
7.579329820126474715e+00 8.264196685811327825e+00 1.009402465820312500e+01
7.544130948658221314e+00 8.211749072904581226e+00 1.002612304687500000e+01
7.509662175854202815e+00 8.160127757817974725e+00 9.958984375000000000e+00
7.475908357931871251e+00 8.109286849177806289e+00 9.892700195312500000e+00
7.442854665222228050e+00 8.059241176653074490e+00 9.827209472656250000e+00
7.410486575655397701e+00 8.009852674423029839e+00 9.762664794921875000e+00
7.378789868379271866e+00 7.961227116074155674e+00 9.698852539062500000e+00
7.347750617512360805e+00 7.913439462644191735e+00 9.635742187500000000e+00
7.317355186025281455e+00 7.866350763271896085e+00 9.573455810546875000e+00
7.287590219749233711e+00 7.820035407282318829e+00 9.511932373046875000e+00
7.258442641509077475e+00 7.774414919116225064e+00 9.451171875000000000e+00
7.229899645377713568e+00 7.729502104700713971e+00 9.391174316406250000e+00
7.201948691050006346e+00 7.685309504340921194e+00 9.331939697265625000e+00
7.174577498333121639e+00 7.641818880651555901e+00 9.273406982421875000e+00
7.147774041751176810e+00 7.599011741530375730e+00 9.215637207031250000e+00
7.121526545261986030e+00 7.556838827863316510e+00 9.158660888671875000e+00
7.095823477083399666e+00 7.515372706588777874e+00 9.102355957031250000e+00
7.070653544626622988e+00 7.474563635139304552e+00 9.046752929687500000e+00
7.046005689534808880e+00 7.434392154293618660e+00 8.991882324218750000e+00
7.021869082824764519e+00 7.394869093034913021e+00 8.937713623046875000e+00
6.998233120129327745e+00 7.356005055730349795e+00 8.884155273437500000e+00
6.975087417038025706e+00 7.317718874056026834e+00 8.831176757812500000e+00
6.952421804535049432e+00 7.280051234605878108e+00 8.778717041015625000e+00
6.930226324531247428e+00 7.242981577890930112e+00 8.726898193359375000e+00
6.908491225489399312e+00 7.206519655448403228e+00 8.675720214843750000e+00
6.887206958139529434e+00 7.170613981392023106e+00 8.625091552734375000e+00
6.866364171283578344e+00 7.135334942076099196e+00 8.575042724609375000e+00
6.845953707687101542e+00 7.100630659578825998e+00 8.525482177734375000e+00
6.825966600055949129e+00 7.066510101194353410e+00 8.476501464843750000e+00
6.806394067096505296e+00 7.032951530638172244e+00 8.428161621093750000e+00
6.787227509657725477e+00 6.999933029483202063e+00 8.380371093750000000e+00
6.768458506953038523e+00 6.967463018516014017e+00 8.333129882812500000e+00
6.750078812860465405e+00 6.935549743858587135e+00 8.286437988281250000e+00
6.732080352300272352e+00 6.904170763012530188e+00 8.240325927734375000e+00
6.714455217686918331e+00 6.873303465985259209e+00 8.194824218750000000e+00
6.697195665454501068e+00 6.842955596342676472e+00 8.149932861328125000e+00
6.680294112655246863e+00 6.813104219454430677e+00 8.105590820312500000e+00
6.663743133627576753e+00 6.783756760982100786e+00 8.061767578125000000e+00
6.647535456733521642e+00 6.754920492563655898e+00 8.018493652343750000e+00
6.631663961164576904e+00 6.726602535007600636e+00 7.975769042968750000e+00
6.616121673812472181e+00 6.698748826265955358e+00 7.933593750000000000e+00
6.600901766206334287e+00 6.671366194809593253e+00 7.891906738281250000e+00
6.585997551511695747e+00 6.644461327472981793e+00 7.850769042968750000e+00
6.571402481593054290e+00 6.617979737235373250e+00 7.810180664062500000e+00
6.557110144137368479e+00 6.591927836409809061e+00 7.770202636718750000e+00
6.543114259836329438e+00 6.566372939460848102e+00 7.730651855468750000e+00
6.529408679627636047e+00 6.541260160294541492e+00 7.691650390625000000e+00
6.515987381993568306e+00 6.516473450116109234e+00 7.653198242187500000e+00
6.502844470315267245e+00 6.492201811013160295e+00 7.615173339843750000e+00
6.489974170282152954e+00 6.468328946983774586e+00 7.577636718750000000e+00
6.477370827355116489e+00 6.444860512567061051e+00 7.540649414062500000e+00
6.465028904282007716e+00 6.421802045015169824e+00 7.504150390625000000e+00
6.452942978664736984e+00 6.399097931569940556e+00 7.468139648437500000e+00
6.441107740577422192e+00 6.376814517313505348e+00 7.432617187500000000e+00
6.429517990233534874e+00 6.354895966876142666e+00 7.397583007812500000e+00
6.418168635700567393e+00 6.333347372190360147e+00 7.362976074218750000e+00
6.407054690663244401e+00 6.312173719571433139e+00 7.328918457031250000e+00
6.396171272233345917e+00 6.291318856751331623e+00 7.295288085937500000e+00
6.385513598803981949e+00 6.270909635649445590e+00 7.262084960937500000e+00
6.375076987948773422e+00 6.250828668379654118e+00 7.229370117187500000e+00
6.364856854364802530e+00 6.231080540244875010e+00 7.197082519531250000e+00
6.354848707857854606e+00 6.211730776595572934e+00 7.165222167968750000e+00
6.345048151369951484e+00 6.192661704177226056e+00 7.133850097656250000e+00
6.335450879047243689e+00 6.173938663999933851e+00 7.102905273437500000e+00
6.326052674348375149e+00 6.155504837448802391e+00 7.072509765625000000e+00
6.316849408191842485e+00 6.137425388761585054e+00 7.042419433593750000e+00
6.307837037142121517e+00 6.119643326217556023e+00 7.012817382812500000e+00
6.299011601632741986e+00 6.102162609383185554e+00 6.983581542968750000e+00
6.290369224227447376e+00 6.084987115694730164e+00 6.954772949218750000e+00
6.281906107916256587e+00 6.068120642162170952e+00 6.926391601562500000e+00
6.273618534446541162e+00 6.051566907038136378e+00 6.898376464843750000e+00
6.265502862690254915e+00 6.035268516294422625e+00 6.870849609375000000e+00
6.257555527044360133e+00 6.019290070690317407e+00 6.843688964843750000e+00
6.249773035863540827e+00 6.003574026714886713e+00 6.816955566406250000e+00
6.242151969926680977e+00 5.988123803589246563e+00 6.790588378906250000e+00
6.234688980934606661e+00 5.972942749612570879e+00 6.764648437500000000e+00
6.227380790038751002e+00 5.958034143633426538e+00 6.739074707031250000e+00
6.220224186400969302e+00 5.943401196489958238e+00 6.713867187500000000e+00
6.213216025782458019e+00 5.929047052420969521e+00 6.689025878906250000e+00
6.206353229162687057e+00 5.914913755290740482e+00 6.664550781250000000e+00
6.199632781386412717e+00 5.901065355410764823e+00 6.640441894531250000e+00
6.193051729839226027e+00 5.887443770239201513e+00 6.616699218750000000e+00
6.186607183149703815e+00 5.874051891147473725e+00 6.593322753906250000e+00
6.180296309919981468e+00 5.860892549533446072e+00 6.570251464843750000e+00
6.174116337481109440e+00 5.847968518066068100e+00 6.547546386718750000e+00
6.168064550675353530e+00 5.835221476746824010e+00 6.525207519531250000e+00
6.162138290662824147e+00 5.822776154728103393e+00 6.503173828125000000e+00
6.156334953753912487e+00 5.810574120543265053e+00 6.481445312500000000e+00
6.150651990264464075e+00 5.798556888720213465e+00 6.460083007812500000e+00
6.145086903396645539e+00 5.786726956056782001e+00 6.439025878906250000e+00
6.139637248141411874e+00 5.775086767562015666e+00 6.418334960937500000e+00
6.134300630203938454e+00 5.763699752686989086e+00 6.397888183593750000e+00
6.129074704952472530e+00 5.752507220907205010e+00 6.377746582031250000e+00
6.123957176387875734e+00 5.741450433065551806e+00 6.358032226562500000e+00
6.118945796134539705e+00 5.730653707850137835e+00 6.338562011718750000e+00
6.114038362453356967e+00 5.720058211843820573e+00 6.319335937500000000e+00
6.109232719273563816e+00 5.709605065961113723e+00 6.300415039062500000e+00
6.104526755245956338e+00 5.699357416707471202e+00 6.281799316406250000e+00
6.099918402815205809e+00 5.689317331638221731e+00 6.263427734375000000e+00
6.095405637311046121e+00 5.679425800267381419e+00 6.245361328125000000e+00
6.090986476060038513e+00 5.669745840424639027e+00 6.227539062500000000e+00
6.086658977512684032e+00 5.660218358503243508e+00 6.210021972656250000e+00
6.082421240391795436e+00 5.650784220624132104e+00 6.192810058593750000e+00
6.078271402856444183e+00 5.641689429253233357e+00 6.175781250000000000e+00
6.074207641684211012e+00 5.632630631831716528e+00 6.159118652343750000e+00
6.070228171470148482e+00 5.623792719233279058e+00 6.142639160156250000e+00
6.066331243842455478e+00 5.615116404673472061e+00 6.126403808593750000e+00
6.062515146694181567e+00 5.606542365102995973e+00 6.110473632812500000e+00
6.058778203431188558e+00 5.598194347428488982e+00 6.094726562500000000e+00
6.055118772235118740e+00 5.589890887999558799e+00 6.079284667968750000e+00
6.051535245342734015e+00 5.581877735204443525e+00 6.063964843750000000e+00
6.048026048339011140e+00 5.573851287676916400e+00 6.049072265625000000e+00
6.044589639465698383e+00 5.566118262956479157e+00 6.034240722656250000e+00
6.041224508943628280e+00 5.558374995041049260e+00 6.019775390625000000e+00
6.037929178310037059e+00 5.550928138174640480e+00 6.005371093750000000e+00
6.034702199768162245e+00 5.543473964372765295e+00 5.991333007812500000e+00
6.031542155551846918e+00 5.536258032026580622e+00 5.977416992187500000e+00
6.028447657302422158e+00 5.529098624026005382e+00 5.963806152343750000e+00
6.025417345458549789e+00 5.522119170244877751e+00 5.950378417968750000e+00
6.022449888659025419e+00 5.515259966888152121e+00 5.937133789062500000e+00
6.019543983158087030e+00 5.508461282545340509e+00 5.924194335937500000e+00
6.016698352252205950e+00 5.501907499388721590e+00 5.911376953125000000e+00
6.013911745719383362e+00 5.495294691859044178e+00 5.898925781250000000e+00
6.011182939270156567e+00 5.488990295183270973e+00 5.886474609375000000e+00
6.008510734008837062e+00 5.482690332475840478e+00 5.874328613281250000e+00
6.005893955907936288e+00 5.476518048076741252e+00 5.862304687500000000e+00
6.003331455291345264e+00 5.470535626818332275e+00 5.850402832031250000e+00
6.000822106329906092e+00 5.464500053904771448e+00 5.838867187500000000e+00
5.998364806546533146e+00 5.458778642750644394e+00 5.827331542968750000e+00
5.995958476331566089e+00 5.453067297184361450e+00 5.816101074218750000e+00
5.993602058468923133e+00 5.447367074422004407e+00 5.805114746093750000e+00
5.991294517671462927e+00 5.441984185531964613e+00 5.794006347656250000e+00
5.989034840126009840e+00 5.436553433389917700e+00 5.783325195312500000e+00
5.986822033047928926e+00 5.431136845936748614e+00 5.772888183593750000e+00
5.984655124245136903e+00 5.426040571145790636e+00 5.762329101562500000e+00
5.982533161690867018e+00 5.420899350106310521e+00 5.752075195312500000e+00
5.980455213105301482e+00 5.415775150254376058e+00 5.742187500000000000e+00
5.978420365545957793e+00 5.410974060313719747e+00 5.732177734375000000e+00
5.976427725006942637e+00 5.406130763352734903e+00 5.722351074218750000e+00
5.974476416025936487e+00 5.401246134833741053e+00 5.712951660156250000e+00
5.972565581299363657e+00 5.396687242997813883e+00 5.703430175781250000e+00
5.970694381306202558e+00 5.392149751584724982e+00 5.694030761718750000e+00
5.968861993938389787e+00 5.387573447546287753e+00 5.685058593750000000e+00
5.967067614140773912e+00 5.383142241406403627e+00 5.676086425781250000e+00
5.965310453555844106e+00 5.378917956678833434e+00 5.667114257812500000e+00
5.963589740179372711e+00 5.374657224742804829e+00 5.658447265625000000e+00
5.961904718019013671e+00 5.370360801590663868e+00 5.649963378906250000e+00
5.960254646763814890e+00 5.366334603314612650e+00 5.641540527343750000e+00
5.958638801459073875e+00 5.362396249400603665e+00 5.633117675781250000e+00
5.957056472186422980e+00 5.358424379454504560e+00 5.625000000000000000e+00
5.955506963752441152e+00 5.354419688669736388e+00 5.617126464843750000e+00
5.953989595384086897e+00 5.350688033600590643e+00 5.609130859375000000e+00
5.952503700428678712e+00 5.347046975430998828e+00 5.601318359375000000e+00
5.951048626061492541e+00 5.343375096673184999e+00 5.593627929687500000e+00
5.949623732998588821e+00 5.339673036611088719e+00 5.586303710937500000e+00
5.948228395216347053e+00 5.336063491580830487e+00 5.578918457031250000e+00
5.946861999675888910e+00 5.332730180090038630e+00 5.571594238281250000e+00
5.945523946054208864e+00 5.329368526680468676e+00 5.564331054687500000e+00
5.944213646480534408e+00 5.325979119222893132e+00 5.557434082031250000e+00
5.942930525277233755e+00 5.322562533394943785e+00 5.550598144531250000e+00
5.941674018707658433e+00 5.319424508714519106e+00 5.543762207031250000e+00
5.940443574728533349e+00 5.316382491756144191e+00 5.536926269531250000e+00
5.939238652746780645e+00 5.313314952800396895e+00 5.530334472656250000e+00
5.938058723382596327e+00 5.310222421227081213e+00 5.523925781250000000e+00
5.936903268236278564e+00 5.307105415435898976e+00 5.517639160156250000e+00
5.935771779661195069e+00 5.304208583698482471e+00 5.511413574218750000e+00
5.934663760540274779e+00 5.301471387975652760e+00 5.505004882812500000e+00
5.933578724067501753e+00 5.298711209604675787e+00 5.499023437500000000e+00
5.932516193534411286e+00 5.295928525294016254e+00 5.493041992187500000e+00
5.931475702120565074e+00 5.293123801864112465e+00 5.487304687500000000e+00
5.930456792688232781e+00 5.290297496452694759e+00 5.481750488281250000e+00
5.929459017581507396e+00 5.287755232496920144e+00 5.475891113281250000e+00
5.928481938430195441e+00 5.285314342898232098e+00 5.470336914062500000e+00
5.927525125956435659e+00 5.282853186621991881e+00 5.464782714843750000e+00
5.926588159786774668e+00 5.280372184041539185e+00 5.459350585937500000e+00
5.925670628267312168e+00 5.277871746811001685e+00 5.454223632812500000e+00
5.924772128282370431e+00 5.275352278045943422e+00 5.449096679687500000e+00
5.923892265077711272e+00 5.272936242813102581e+00 5.444030761718750000e+00
5.923030652087390990e+00 5.270807133147172863e+00 5.438903808593750000e+00
5.922186910763912238e+00 5.268660151814401615e+00 5.433776855468750000e+00
5.921360670410649618e+00 5.266190493730164235e+00 5.429199218750000000e+00
5.920551568021210187e+00 5.264191978932103666e+00 5.424316406250000000e+00
5.919759248117998141e+00 5.262420822272815712e+00 5.419189453125000000e+00
5.918983362596691222e+00 5.260633231231622631e+00 5.414062500000000000e+00
5.918223570574127734e+00 5.258829546691686119e+00 5.408935546875000000e+00
5.917479538237103043e+00 5.257010102466210810e+00 5.404663085937500000e+00
5.916750938696168305e+00 5.255175225444645548e+00 5.400390625000000000e+00
5.916037451842839801e+00 5.253325235735474052e+00 5.396118164062500000e+00
5.915338764208399880e+00 5.251460446807413973e+00 5.391845703125000000e+00
5.914654568825881142e+00 5.249581165627432711e+00 5.387573242187500000e+00
5.913984565095233847e+00 5.247687692795580006e+00 5.383300781250000000e+00
5.913328458651676556e+00 5.245780322676637297e+00 5.379028320312500000e+00
5.912685961237002630e+00 5.243859343528811223e+00 5.375488281250000000e+00
5.912056790570204612e+00 5.241925037633109241e+00 5.372070312500000000e+00
5.911440670226511429e+00 5.239977681414302424e+00 5.368652343750000000e+00
5.910837329515970850e+00 5.238017545562343003e+00 5.365234375000000000e+00
5.910246503361122450e+00 5.236044895154691403e+00 5.361816406250000000e+00
5.909667932184220263e+00 5.234059989769093590e+00 5.358398437500000000e+00
5.909101361791044837e+00 5.232673435162269016e+00 5.354370117187500000e+00
5.908546543259944883e+00 5.231519269318368970e+00 5.350097656250000000e+00
5.908003232832697904e+00 5.230353595370615949e+00 5.346557617187500000e+00
5.907471191807189825e+00 5.229176652021124028e+00 5.343139648437500000e+00
5.906950186432140981e+00 5.227988673021172872e+00 5.339721679687500000e+00
5.906439987804787961e+00 5.226789887273525892e+00 5.336303710937500000e+00
5.905940371770611819e+00 5.225580518932702034e+00 5.332885742187500000e+00
5.905451118824430523e+00 5.224360787503883330e+00 5.329467773437500000e+00
5.904972014013765147e+00 5.223130907939548706e+00 5.326049804687500000e+00
5.904502846845161912e+00 5.221891090733151941e+00 5.322631835937500000e+00
5.904043411190968982e+00 5.220641542012344871e+00 5.319213867187500000e+00
5.903593505198841740e+00 5.219382463629472113e+00 5.316528320312500000e+00
5.903152931203976550e+00 5.218114053249337303e+00 5.313964843750000000e+00
5.902721495640662397e+00 5.216836504437651456e+00 5.311401367187500000e+00
5.902299008959062121e+00 5.215550006744251732e+00 5.308837890625000000e+00
5.901885285539719916e+00 5.214254745788593937e+00 5.306274414062500000e+00
5.901480143615117413e+00 5.212950903338196440e+00 5.303710937500000000e+00
5.901083405186682285e+00 5.211638657391631568e+00 5.301147460937500000e+00
5.900694895947935947e+00 5.210318182255377906e+00 5.298583984375000000e+00
5.900314445208550751e+00 5.208989648619763102e+00 5.296020507812500000e+00
5.899941885818179799e+00 5.207653223635134054e+00 5.293457031250000000e+00
5.899577054093242623e+00 5.206309070985071230e+00 5.290893554687500000e+00
5.899219789746211973e+00 5.204957350957101880e+00 5.288818359375000000e+00
5.898869935813081611e+00 5.203598220515232242e+00 5.287109375000000000e+00
5.898527338587200575e+00 5.202231833366113278e+00 5.285400390625000000e+00
5.898191847548559963e+00 5.201102480654753890e+00 5.283447265625000000e+00
5.897863315300128306e+00 5.200576520715685547e+00 5.280883789062500000e+00
5.897541597501685828e+00 5.200043746326628025e+00 5.278320312500000000e+00
5.897226552807751432e+00 5.199504298833062421e+00 5.275756835937500000e+00
5.896918042803463322e+00 5.198958316649850531e+00 5.273193359375000000e+00
5.896615931945916600e+00 5.198405935319897253e+00 5.270629882812500000e+00
5.896320087503454488e+00 5.197847287574859365e+00 5.268066406250000000e+00
5.896030379497233298e+00 5.197282503393580555e+00 5.265502929687500000e+00
5.895746680644606386e+00 5.196711710058707467e+00 5.262939453125000000e+00
5.895468866302962851e+00 5.196135032212851002e+00 5.260375976562500000e+00
5.895196814415612607e+00 5.195552591912701246e+00 5.257934570312500000e+00
5.894930405456989320e+00 5.194964508683824533e+00 5.256225585937500000e+00
5.894669522380809212e+00 5.194370899572504641e+00 5.254516601562500000e+00
5.894414050568229868e+00 5.193771879197583985e+00 5.252807617187500000e+00
5.894163877778737515e+00 5.193167559799576338e+00 5.251098632812500000e+00
5.893918894099215322e+00 5.192558051291598531e+00 5.249389648437500000e+00
5.893678991897104424e+00 5.191943461306209429e+00 5.247680664062500000e+00
5.893444065770836460e+00 5.191323895244977393e+00 5.245971679687500000e+00
5.893214012507314692e+00 5.190699456320999161e+00 5.244262695312500000e+00
5.892988731032801297e+00 5.190070245608012556e+00 5.242553710937500000e+00
5.892768122370171113e+00 5.189436362083142740e+00 5.240844726562500000e+00
5.892552089595255893e+00 5.188797902670557960e+00 5.239135742187500000e+00
5.892340537794552802e+00 5.188154962283761051e+00 5.237426757812500000e+00
5.892133374023842407e+00 5.187507633866971446e+00 5.235717773437500000e+00
5.891930507265442429e+00 5.186856008437871424e+00 5.234008789062500000e+00
5.891731848390236337e+00 5.186200175125577516e+00 5.232299804687500000e+00
5.891537310118337700e+00 5.185540221209976153e+00 5.230590820312500000e+00
5.891346806979527173e+00 5.184876232161286680e+00 5.228881835937500000e+00
5.891160255276872704e+00 5.184208291676441149e+00 5.227416992187500000e+00
5.890977573048758131e+00 5.183536481717055722e+00 5.226562500000000000e+00
5.890798680034549761e+00 5.182860882543764092e+00 5.225708007812500000e+00
5.890623497637989203e+00 5.182181572752824650e+00 5.224853515625000000e+00
5.890451948893087319e+00 5.181498629310226534e+00 5.223999023437500000e+00
5.890283958430018174e+00 5.180812127585795679e+00 5.223144531250000000e+00
5.890119452442831971e+00 5.180122141385481882e+00 5.222290039062500000e+00
5.889958358655803750e+00 5.179428742985010103e+00 5.221435546875000000e+00
5.889800606293192686e+00 5.178732003160121167e+00 5.220581054687500000e+00
5.889646126046272911e+00 5.178031991219540942e+00 5.219726562500000000e+00
5.889494850044684426e+00 5.177328775033629427e+00 5.218872070312500000e+00
5.889346711825737657e+00 5.176622421065076196e+00 5.218017578125000000e+00
5.889201646305309623e+00 5.175912994398004230e+00 5.217163085937500000e+00
5.889059589748967483e+00 5.175200558766846370e+00 5.216308593750000000e+00
5.888920479744683689e+00 5.174485176583630164e+00 5.215454101562500000e+00
5.888784255174414284e+00 5.173766908966399569e+00 5.214599609375000000e+00
5.888650856188405669e+00 5.173045815764908184e+00 5.213745117187500000e+00
5.888520224178137141e+00 5.172321955587676712e+00 5.212890625000000000e+00
5.888392301750627666e+00 5.171595385827686187e+00 5.212036132812500000e+00
5.888267032703424775e+00 5.170866162687389078e+00 5.211181640625000000e+00
5.888144361999366083e+00 5.170134341203947770e+00 5.210327148437500000e+00
5.888024235744524049e+00 5.169399975271289804e+00 5.209472656250000000e+00
5.887906601160921127e+00 5.168663117667392726e+00 5.208618164062500000e+00
5.887791406566066144e+00 5.168412101324747709e+00 5.207275390625000000e+00
5.887678601349534802e+00 5.168524906541279051e+00 5.205566406250000000e+00
5.887568135950232318e+00 5.168635371940581535e+00 5.203857421875000000e+00
5.887459961836157163e+00 5.168255264804656690e+00 5.202636718750000000e+00
5.887354031480981575e+00 5.167994984222332278e+00 5.201293945312500000e+00
5.887250298344042676e+00 5.168098717359271177e+00 5.199584960937500000e+00
5.887148716850788333e+00 5.168200298852525520e+00 5.198364257812500000e+00
5.887049242371858782e+00 5.168299773331455071e+00 5.197509765625000000e+00
5.886951831202622998e+00 5.168397184500690855e+00 5.196655273437500000e+00
5.886856440546125668e+00 5.168492575157188185e+00 5.195800781250000000e+00
5.886763028491941441e+00 5.168585987211372412e+00 5.194946289062500000e+00
5.886671554000940887e+00 5.168677461702372966e+00 5.194091796875000000e+00
5.886581976883235257e+00 5.168767038820078596e+00 5.193237304687500000e+00
5.886494257783624562e+00 5.168854757919689291e+00 5.192382812500000000e+00
5.886408358162498189e+00 5.168940657540815664e+00 5.191528320312500000e+00
5.886324240280373488e+00 5.169024775422940365e+00 5.190673828125000000e+00
5.886241867179933251e+00 5.169107148523380602e+00 5.189819335937500000e+00
5.882744673954675818e+00 5.164720044710747970e+00 5.188964843750000000e+00
5.871901231653055220e+00 5.153027448179500425e+00 5.185546875000000000e+00
5.852216214900863633e+00 5.139784384399263217e+00 5.176879882812500000e+00
5.823312106565026625e+00 5.131455663347196605e+00 5.166748046875000000e+00
5.785399625850459415e+00 5.128722209740317339e+00 5.161987304687500000e+00
5.739058215305703925e+00 5.128071819680826593e+00 5.164062500000000000e+00
5.685136489138585603e+00 5.128361830287076373e+00 5.166503906250000000e+00
5.624697361830158115e+00 5.130582314187222437e+00 5.165649414062500000e+00
5.558978301586193993e+00 5.136703888277907026e+00 5.163696289062500000e+00
5.489355398785392026e+00 5.146641170025304746e+00 5.165649414062500000e+00
5.417307248193083069e+00 5.159070691573788281e+00 5.172241210937500000e+00
5.344377591572083475e+00 5.173173421767614855e+00 5.180175781250000000e+00
5.272136868119332576e+00 5.189226647408304416e+00 5.186767578125000000e+00
5.202143312314092327e+00 5.207313553833046171e+00 5.192993164062500000e+00
5.135904434935810059e+00 5.226837890484148375e+00 5.201293945312500000e+00
5.074839787125483781e+00 5.246968773585422241e+00 5.211791992187500000e+00
5.020245905007868714e+00 5.266799018520487152e+00 5.222778320312500000e+00
4.973264290349561634e+00 5.286198690777155207e+00 5.232788085937500000e+00
4.934853212575717407e+00 5.305050577348765728e+00 5.242187500000000000e+00
4.905764025226744707e+00 5.322827506967541922e+00 5.252197265625000000e+00
4.886522579494567253e+00 5.339251343569458186e+00 5.263183593750000000e+00
4.877416192281089025e+00 5.354210418135380678e+00 5.274169921875000000e+00
4.878486489537863235e+00 5.368530357742884007e+00 5.283813476562500000e+00
4.889528301060863669e+00 5.381822203814635941e+00 5.292236328125000000e+00
4.910094633894232174e+00 5.393275094447290030e+00 5.300537109375000000e+00
4.939507601842706208e+00 5.402227216247638353e+00 5.308593750000000000e+00
4.976875041945277189e+00 5.408766148037784660e+00 5.315185546875000000e+00
5.021112408710223463e+00 5.412777940388423303e+00 5.319946289062500000e+00
5.070969406982385408e+00 5.414013787726389637e+00 5.323120117187500000e+00
5.125060707611964972e+00 5.412568311355926198e+00 5.324829101562500000e+00
5.181899989579733301e+00 5.408063721014059411e+00 5.325561523437500000e+00
5.239936470309430661e+00 5.400593666793838565e+00 5.324462890625000000e+00
5.297593024647767379e+00 5.390497899412139304e+00 5.321289062500000000e+00
5.353304953865290372e+00 5.377943838406963550e+00 5.316284179687500000e+00
5.405558450024955164e+00 5.363289890868827570e+00 5.310180664062500000e+00
5.452927808570848356e+00 5.347006883051335535e+00 5.303100585937500000e+00
5.494110472816373658e+00 5.329641809195209134e+00 5.294921875000000000e+00
5.527959047386957536e+00 5.311330497420840402e+00 5.286376953125000000e+00
5.553509492320017671e+00 5.293172493771862719e+00 5.276977539062500000e+00
5.570004803559413631e+00 5.275456479407466759e+00 5.267578125000000000e+00
5.576913596730037170e+00 5.258344053261453155e+00 5.258422851562500000e+00
5.573943136570960633e+00 5.242196443337434175e+00 5.249633789062500000e+00
5.561046491179240547e+00 5.227169891009225466e+00 5.241577148437500000e+00
5.538423634871833201e+00 5.214146831991229192e+00 5.234741210937500000e+00
5.506516472494922709e+00 5.204065286609193208e+00 5.229248046875000000e+00
5.465997907672772271e+00 5.197347910202097410e+00 5.224975585937500000e+00
5.417755224145821558e+00 5.193667862543179581e+00 5.222290039062500000e+00
5.362868189390610496e+00 5.192655589827381846e+00 5.221069335937500000e+00
5.302582419652480894e+00 5.194686646849731915e+00 5.220947265625000000e+00
5.238278662221773629e+00 5.199670994164534932e+00 5.222045898437500000e+00
5.171438751298182979e+00 5.207502627606800161e+00 5.224853515625000000e+00
5.103609075702706832e+00 5.217848150212603286e+00 5.229003906250000000e+00
5.036362457967470618e+00 5.230494184198050789e+00 5.234252929687500000e+00
4.971259383448341396e+00 5.245033382774181518e+00 5.240478515625000000e+00
4.909809534102578255e+00 5.260867324205264595e+00 5.247558593750000000e+00
4.853434574087941655e+00 5.277407152323348782e+00 5.255493164062500000e+00
4.803433103498718992e+00 5.294231899792293916e+00 5.263549804687500000e+00
4.760948643185884066e+00 5.310721331765989817e+00 5.272094726562500000e+00
4.726941438953645047e+00 5.326512118233495130e+00 5.280639648437500000e+00
4.702164779399026884e+00 5.341441363807916787e+00 5.289306640625000000e+00
4.687146410503373772e+00 5.355229037635808709e+00 5.298339843750000000e+00
4.682175504602810179e+00 5.368127826201316566e+00 5.307250976562500000e+00
4.687295504578742111e+00 5.380351188089662173e+00 5.315307617187500000e+00
4.702303019461169242e+00 5.391508385489487409e+00 5.322753906250000000e+00
4.726752798619372697e+00 5.400786814172306549e+00 5.329833984375000000e+00
4.759968662043547738e+00 5.407645024871953865e+00 5.336181640625000000e+00
4.801060117566748886e+00 5.412290995928970005e+00 5.340942382812500000e+00
4.848944255835931472e+00 5.414487071462872336e+00 5.344116210937500000e+00
4.902372383897272812e+00 5.414226984324159275e+00 5.345703125000000000e+00
4.959960741569148013e+00 5.410993435286400199e+00 5.346313476562500000e+00
5.020224544257416710e+00 5.404895378911533044e+00 5.345214843750000000e+00
5.081614513941303812e+00 5.395902890424622456e+00 5.342651367187500000e+00
5.142554998816194711e+00 5.384232176881369014e+00 5.338256835937500000e+00
5.201482742940470416e+00 5.370293355656940548e+00 5.332275390625000000e+00
5.256885351238906878e+00 5.354321350667532897e+00 5.325073242187500000e+00
5.307338502710990724e+00 5.336785604611350209e+00 5.317016601562500000e+00
5.351540995527784617e+00 5.318109686558955218e+00 5.307739257812500000e+00
5.388346761070806679e+00 5.298794308812148302e+00 5.298095703125000000e+00
5.416793058612256573e+00 5.279571507242280859e+00 5.287719726562500000e+00
5.436124156383129957e+00 5.260850761033907474e+00 5.277221679687500000e+00
5.445809915905329035e+00 5.242792423223818332e+00 5.266967773437500000e+00
5.445558821972554142e+00 5.225634431448497708e+00 5.257080078125000000e+00
5.435325137428890230e+00 5.209653902647232826e+00 5.248046875000000000e+00
5.415310006557092493e+00 5.195732102568399569e+00 5.240234375000000000e+00
5.385956479903370564e+00 5.184561765213175022e+00 5.233764648437500000e+00
5.347938583024870240e+00 5.176808564612429109e+00 5.228637695312500000e+00
5.302144698327083461e+00 5.172266632186847346e+00 5.224853515625000000e+00
5.249655669159210447e+00 5.170565338258484189e+00 5.222534179687500000e+00
5.191718165327074530e+00 5.171835043437113200e+00 5.221557617187500000e+00
5.129713965825885680e+00 5.175984676572397802e+00 5.222045898437500000e+00
5.065125915161615922e+00 5.183029293505342139e+00 5.223632812500000000e+00
4.999501391504509229e+00 5.192756578235275811e+00 5.226806640625000000e+00
4.934414186216372400e+00 5.204830113836123928e+00 5.231079101562500000e+00
4.871425733386104184e+00 5.218719534473393651e+00 5.236572265625000000e+00
4.812046644025485875e+00 5.233947559669331895e+00 5.242919921875000000e+00
4.757699492075971648e+00 5.250046493784793711e+00 5.249877929687500000e+00
4.709683768545801286e+00 5.266350337944686544e+00 5.257324218750000000e+00
4.669143866719423386e+00 5.282482125494425418e+00 5.265136718750000000e+00
4.637040886738532208e+00 5.298077672085582890e+00 5.272827148437500000e+00
4.614128953817498768e+00 5.312729105088919823e+00 5.280883789062500000e+00
4.600936633200944925e+00 5.326277644700212477e+00 5.289306640625000000e+00
4.597753899495501173e+00 5.338975175133100493e+00 5.297607421875000000e+00
4.604624981212509738e+00 5.351156439655369468e+00 5.304931640625000000e+00
4.621347256715580443e+00 5.362185790497278504e+00 5.312011718750000000e+00
4.647476228750747396e+00 5.371371940365634146e+00 5.318603515625000000e+00
4.682336455058020874e+00 5.378172702244683023e+00 5.324462890625000000e+00
4.725038165917794686e+00 5.382673261715126500e+00 5.328735351562500000e+00
4.774499159439073992e+00 5.384879396059432111e+00 5.331420898437500000e+00
4.829471435456753170e+00 5.384417934402108585e+00 5.332885742187500000e+00
4.888571912206998604e+00 5.381259180348479276e+00 5.333129882812500000e+00
4.950316469441759182e+00 5.375145213177120240e+00 5.332275390625000000e+00
5.013156479706822211e+00 5.366167527859033726e+00 5.329223632812500000e+00
5.075516928270189965e+00 5.354541694377303429e+00 5.324218750000000000e+00
5.135835183047447572e+00 5.340555135937393061e+00 5.317749023437500000e+00
5.192599459882103474e+00 5.324686306161993343e+00 5.310180664062500000e+00
5.244386036020159736e+00 5.307281979189838239e+00 5.301513671875000000e+00
5.289894295468911878e+00 5.289009278880484999e+00 5.291625976562500000e+00
5.327978743296398534e+00 5.269880062599213488e+00 5.281372070312500000e+00
5.357677200560601705e+00 5.250625804431592769e+00 5.270751953125000000e+00
5.378234485626762762e+00 5.232021644365431712e+00 5.260009765625000000e+00
5.389120998739599600e+00 5.213861185777204810e+00 5.249755859375000000e+00
5.390045752240666843e+00 5.196503909068042049e+00 5.239990234375000000e+00
5.380963525580682472e+00 5.180714695820597626e+00 5.230590820312500000e+00
5.362075968933140757e+00 5.166886024642508346e+00 5.222412109375000000e+00
5.333826628241695289e+00 5.155832204450007339e+00 5.215576171875000000e+00
5.296890014185692053e+00 5.148096353839264339e+00 5.210205078125000000e+00
5.252154984228127432e+00 5.143594199485960416e+00 5.206176757812500000e+00
5.200702846925878475e+00 5.142198787129473203e+00 5.203491210937500000e+00
5.143780727639523320e+00 5.143551740574821451e+00 5.202392578125000000e+00
5.082770851472105278e+00 5.147805683188835246e+00 5.202636718750000000e+00
5.019156499783321124e+00 5.154975233958793979e+00 5.204223632812500000e+00
4.954485478536071241e+00 5.164847649091370840e+00 5.207275390625000000e+00
4.890331998011106407e+00 5.177086092741546963e+00 5.211425781250000000e+00
4.828257902527639089e+00 5.191159788844515788e+00 5.216796875000000000e+00
4.769774204818759245e+00 5.206591055201215568e+00 5.223022460937500000e+00
4.716303872213529758e+00 5.222789732472392643e+00 5.229980468750000000e+00
4.669146780949404274e+00 5.239211506866240597e+00 5.237304687500000000e+00
4.629447701548997429e+00 5.255479034490008416e+00 5.244995117187500000e+00
4.598168103567104481e+00 5.271105691269667659e+00 5.253051757812500000e+00
4.576062473970296196e+00 5.285927383448779437e+00 5.261108398437500000e+00
4.563659732250016532e+00 5.299784976976297912e+00 5.269287109375000000e+00
4.561250199913047254e+00 5.313174149790711454e+00 5.276977539062500000e+00
4.568878445175187153e+00 5.325574813267849095e+00 5.284423828125000000e+00
4.586342179057965041e+00 5.336839268230050948e+00 5.291381835937500000e+00
4.613197230065907206e+00 5.346153831313131377e+00 5.297973632812500000e+00
4.648768474940197848e+00 5.353098066812663092e+00 5.303833007812500000e+00
4.692166456345603365e+00 5.357878918237474863e+00 5.308105468750000000e+00
4.742309278296488628e+00 5.360379786652174516e+00 5.310668945312500000e+00
4.797949240187335818e+00 5.360227201621910353e+00 5.312133789062500000e+00
4.857703553600913438e+00 5.357391173405403606e+00 5.312255859375000000e+00
4.920088385550570820e+00 5.351491423706647765e+00 5.311401367187500000e+00
4.983555389885395925e+00 5.342741236506299174e+00 5.308349609375000000e+00
5.046529827341601049e+00 5.331355906319231508e+00 5.303344726562500000e+00
5.107449335590899864e+00 5.317622586595007306e+00 5.296875000000000000e+00
5.164802394635216842e+00 5.301897396484946512e+00 5.289428710937500000e+00
5.217165540400401369e+00 5.284770992073163143e+00 5.280761718750000000e+00
5.263238410209396534e+00 5.266788173591294253e+00 5.270874023437500000e+00
5.301875757189236538e+00 5.247960550345169395e+00 5.260620117187500000e+00
5.332115645314843277e+00 5.229019353503645107e+00 5.250000000000000000e+00
5.353203130826386769e+00 5.210495344554601616e+00 5.239501953125000000e+00
5.364608846912005902e+00 5.192670175181092418e+00 5.229248046875000000e+00
5.366042034024076202e+00 5.175536886735926601e+00 5.219604492187500000e+00
5.357457694991580865e+00 5.159982207735993143e+00 5.210205078125000000e+00
5.339057698734677615e+00 5.146398398042265399e+00 5.202148437500000000e+00
5.311285805404850180e+00 5.135477482050418985e+00 5.195556640625000000e+00
5.274816735447529936e+00 5.127884438903265618e+00 5.190429687500000000e+00
5.230539551741003379e+00 5.123534789861423633e+00 5.186645507812500000e+00
5.179535763994408626e+00 5.122057238886554842e+00 5.184326171875000000e+00
5.123052694550551678e+00 5.123703564364404883e+00 5.183227539062500000e+00
5.062472761408116639e+00 5.128259985828435674e+00 5.183593750000000000e+00
4.999279434820891765e+00 5.135618863059335126e+00 5.185058593750000000e+00
4.935020705728902612e+00 5.145689337599151258e+00 5.188110351562500000e+00
4.871270965552412235e+00 5.158134392463352924e+00 5.192382812500000000e+00
4.809592235993022769e+00 5.172423074204743898e+00 5.197875976562500000e+00
4.751495703486625644e+00 5.188077526921460958e+00 5.204101562500000000e+00
4.698404505463258829e+00 5.204507421173275361e+00 5.211059570312500000e+00
4.651618684731829489e+00 5.221168276596927171e+00 5.218627929687500000e+00
4.612283174932144902e+00 5.237560515869972733e+00 5.226562500000000000e+00
4.581359605353100051e+00 5.253441495809283879e+00 5.234497070312500000e+00
4.559602619379575117e+00 5.268402825615112306e+00 5.242797851562500000e+00
4.547541289680793852e+00 5.282407288371359755e+00 5.251342773437500000e+00
4.545466087761269591e+00 5.295462130768328279e+00 5.259887695312500000e+00
4.553421728724060813e+00 5.308145750107314598e+00 5.267333984375000000e+00
4.571206067432285636e+00 5.319699951806569516e+00 5.274414062500000000e+00
4.598375073246643296e+00 5.329432981958234450e+00 5.280883789062500000e+00
4.634253760844103454e+00 5.336924266922096649e+00 5.286621093750000000e+00
4.677952807963720261e+00 5.341892333882924504e+00 5.291015625000000000e+00
4.728390450892220542e+00 5.344586662570009139e+00 5.293945312500000000e+00
4.784319118553412409e+00 5.344633653019400299e+00 5.295532226562500000e+00
4.844356149372515574e+00 5.341881118335550127e+00 5.295898437500000000e+00
4.907017834573025539e+00 5.336192796635941704e+00 5.294555664062500000e+00
4.970755949639851679e+00 5.327659779953592079e+00 5.291748046875000000e+00
5.033995874421179906e+00 5.316497243691401309e+00 5.287109375000000000e+00
5.095175363230055154e+00 5.302992224657600673e+00 5.281005859375000000e+00
5.152783010289340382e+00 5.287500727782571630e+00 5.273681640625000000e+00
5.205395463378636123e+00 5.270491226984404420e+00 5.265502929687500000e+00
5.251712469353378765e+00 5.252264272336788054e+00 5.256225585937500000e+00
5.290588888601632789e+00 5.233319647134749175e+00 5.246582031250000000e+00
5.321062890132679968e+00 5.214510547825284448e+00 5.236206054687500000e+00
5.342379633045311493e+00 5.196245562725152922e+00 5.225708007812500000e+00
5.354009851251248620e+00 5.178684172481325731e+00 5.215454101562500000e+00
