7.500000000000000000e+01 5.000000000000000000e+01 2.500000000000000000e+01 0.000000000000000000e+00 -2.500000000000000000e+01
7.504536000000000229e+01 5.010584000000000060e+01 2.503863159999999866e+01 3.863159999999998817e-02 -2.496136840000000134e+01
7.518037671961764090e+01 5.042674740724997662e+01 2.518350009999999983e+01 1.835000999999999438e-01 -2.481649990000000017e+01
7.542464619907312340e+01 5.094003773993821937e+01 2.549057006835937500e+01 4.905427098274230957e-01 -2.450945663452148438e+01
7.580045320482406623e+01 5.160192028889989047e+01 2.599720191955566406e+01 9.970809221267700195e-01 -2.400291824340820312e+01
7.633230812514128161e+01 5.240953311102891377e+01 2.672711944580078125e+01 1.726743340492248535e+00 -2.327325630187988281e+01
7.704600775178926142e+01 5.337707220326817037e+01 2.769530868530273438e+01 2.694389343261718750e+00 -2.230561065673828125e+01
7.796713111789739514e+01 5.452542627158802446e+01 2.891095542907714844e+01 3.909198284149169922e+00 -2.109080696105957031e+01
7.911897885499888616e+01 5.587685236935173094e+01 3.037889099121093750e+01 5.376660346984863281e+00 -1.962336158752441406e+01
8.052012939872919617e+01 5.745142509745087978e+01 3.210036468505859375e+01 7.099971294403076172e+00 -1.790008163452148438e+01
8.218198852358185036e+01 5.926417759723825895e+01 3.407430267333984375e+01 9.081022262573242188e+00 -1.591904830932617188e+01
8.410687119666258127e+01 6.132281849532063234e+01 3.629910659790039062e+01 1.132098579406738281e+01 -1.367898559570312500e+01
8.628716722479656198e+01 6.362630403899561315e+01 3.877359771728515625e+01 1.382055568695068359e+01 -1.117902183532714844e+01
8.870593019961808068e+01 6.616458205965842865e+01 4.149636077880859375e+01 1.657987594604492188e+01 -8.418685913085937500e+00
9.133883233176510430e+01 6.891960946017547940e+01 4.446286010742187500e+01 1.959801483154296875e+01 -5.398172855377197266e+00
9.415701481278199481e+01 7.186741611888706416e+01 4.765595626831054688e+01 2.287054824829101562e+01 -2.119424819946289062e+00
9.713013763154279445e+01 7.498071964991069649e+01 5.102828979492187500e+01 2.637517738342285156e+01 1.408895015716552734e+00
1.002289895762569074e+02 7.823151543308794942e+01 5.452089309692382812e+01 3.005866432189941406e+01 5.145665645599365234e+00
1.034272860485542935e+02 8.159318691857063754e+01 5.810248947143554688e+01 3.385340499877929688e+01 9.025573730468750000e+00
1.067025932755624069e+02 8.504191153950709747e+01 6.176609039306640625e+01 3.770289230346679688e+01 1.299437141418457031e+01
1.100365368294795729e+02 8.855736071436815848e+01 6.549947357177734375e+01 4.157200622558593750e+01 1.699447631835937500e+01
1.134145382255848631e+02 9.212283499082727189e+01 6.927763366699218750e+01 4.545066833496093750e+01 2.095976448059082031e+01
1.168253081067469452e+02 9.572502550106162289e+01 7.308001708984375000e+01 4.935691070556640625e+01 2.489680480957031250e+01
1.202602628343736484e+02 9.935357757123972533e+01 7.690048217773437500e+01 5.330064392089843750e+01 2.887005233764648438e+01
1.237129647140765485e+02 1.030005870947680648e+02 8.073801422119140625e+01 5.726316452026367188e+01 3.291429901123046875e+01
1.271786342201313573e+02 1.066601113676115631e+02 8.458674621582031250e+01 6.122649002075195312e+01 3.699528121948242188e+01
1.306537492975975283e+02 1.103277365702708579e+02 8.843854522705078125e+01 6.519044494628906250e+01 4.105094146728515625e+01
1.341357286891463616e+02 1.140002173179129272e+02 9.228964233398437500e+01 6.915903472900390625e+01 4.507295608520507812e+01
1.376226881727426701e+02 1.176751880644847148e+02 9.614044189453125000e+01 7.312922668457031250e+01 4.910224533081054688e+01
1.411132563285315200e+02 1.213509384523164272e+02 9.999073028564453125e+01 7.709631347656250000e+01 5.315810012817382812e+01
1.446064370820324996e+02 1.250262419386909727e+02 1.038381881713867188e+02 8.105984497070312500e+01 5.721677780151367188e+01
1.481015080824458039e+02 1.287002269712594398e+02 1.076808929443359375e+02 8.502052307128906250e+01 6.125587081909179688e+01
1.515979460635227838e+02 1.323722811835142181e+02 1.115187911987304688e+02 8.897711181640625000e+01 6.528390502929687500e+01
1.550953722788302969e+02 1.360419807067518434e+02 1.153524398803710938e+02 9.292835235595703125e+01 6.931716156005859375e+01
1.585935127463274057e+02 1.397090383159475948e+02 1.191815795898437500e+02 9.687475585937500000e+01 7.335372924804687500e+01
1.620921693529056142e+02 1.433732655541535337e+02 1.230054321289062500e+02 1.008169174194335938e+02 7.738253021240234375e+01
1.655911988888590543e+02 1.470345451548824087e+02 1.268237991333007812e+02 1.047553253173828125e+02 8.140177154541015625e+01
1.690904978551329236e+02 1.506928110101390814e+02 1.306369934082031250e+02 1.086903686523437500e+02 8.541837310791015625e+01
1.725899914638091275e+02 1.543480336456705970e+02 1.344452209472656250e+02 1.126217422485351562e+02 8.943560791015625000e+01
1.760896256796901298e+02 1.580002097041695777e+02 1.382483520507812500e+02 1.165486145019531250e+02 9.344970703125000000e+01
1.795893614649077961e+02 1.616493543392211905e+02 1.420461425781250000e+02 1.204697723388671875e+02 9.745687866210937500e+01
1.830891706181398320e+02 1.652954957199199555e+02 1.458388214111328125e+02 1.243834838867187500e+02 1.014576873779296875e+02
1.865890327673664331e+02 1.689386710642762921e+02 1.496265258789062500e+02 1.282874755859375000e+02 1.054536285400390625e+02
1.900889331967442502e+02 1.725789237790246773e+02 1.534093322753906250e+02 1.321841125488281250e+02 1.094432220458984375e+02
1.935888612764404968e+02 1.762163013996442089e+02 1.571872100830078125e+02 1.360779113769531250e+02 1.134264526367187500e+02
1.970888093282336229e+02 1.798508541088551453e+02 1.609602050781250000e+02 1.399686126708984375e+02 1.174070816040039062e+02
2.005887718059975668e+02 1.834826336731325114e+02 1.647284545898437500e+02 1.438532714843750000e+02 1.213860549926757812e+02
2.040887447036935782e+02 1.871116926811811254e+02 1.684920349121093750e+02 1.477312316894531250e+02 1.253593215942382812e+02
2.075887251277256382e+02 1.907380840004669267e+02 1.722510223388671875e+02 1.516043701171875000e+02 1.293246765136718750e+02
2.110887109880339949e+02 1.943618603911575633e+02 1.760054473876953125e+02 1.554736480712890625e+02 1.332852630615234375e+02
2.145887007749621489e+02 1.979830742336488925e+02 1.797553863525390625e+02 1.593381500244140625e+02 1.372440032958984375e+02
2.180886933980831373e+02 2.016017773380150118e+02 1.835009460449218750e+02 1.631970977783203125e+02 1.411991271972656250e+02
2.215886880697814263e+02 2.052180208125066656e+02 1.872421875000000000e+02 1.670508880615234375e+02 1.451477355957031250e+02
2.250886842211629641e+02 2.088318549745777943e+02 1.909791717529296875e+02 1.709002380371093750e+02 1.490903320312500000e+02
2.285886814413162540e+02 2.124433292925057515e+02 1.947119598388671875e+02 1.747451324462890625e+02 1.530294494628906250e+02
2.320886794334407455e+02 2.160524923489896025e+02 1.984406127929687500e+02 1.785851593017578125e+02 1.569660186767578125e+02
2.355886779831579645e+02 2.196593918205025204e+02 2.021652374267578125e+02 1.824202880859375000e+02 1.608997039794921875e+02
2.390886769356229422e+02 2.232640744679075624e+02 2.058860168457031250e+02 1.862508239746093750e+02 1.648297576904296875e+02
2.425886761789914203e+02 2.268665861350935700e+02 2.096031036376953125e+02 1.900770263671875000e+02 1.687551727294921875e+02
2.460886756324787257e+02 2.304669717532926256e+02 2.133165130615234375e+02 1.938989105224609375e+02 1.726745147705078125e+02
2.495886752377341793e+02 2.340652753493904186e+02 2.170262451171875000e+02 1.977163543701171875e+02 1.765863494873046875e+02
2.530886749526113988e+02 2.376615400570137808e+02 2.207323303222656250e+02 2.015293121337890625e+02 1.804924468994140625e+02
2.565886747466680617e+02 2.412558081295181012e+02 2.244349060058593750e+02 2.053378906250000000e+02 1.843957061767578125e+02
2.600886745979157695e+02 2.448481209542441093e+02 2.281340179443359375e+02 2.091422729492187500e+02 1.882959136962890625e+02
2.635886744904724424e+02 2.484385190675903914e+02 2.318297119140625000e+02 2.129425201416015625e+02 1.921912231445312500e+02
2.670886744128664532e+02 2.520270421705756121e+02 2.355220031738281250e+02 2.167385253906250000e+02 1.960812530517578125e+02
2.705886743568118504e+02 2.556137291446583504e+02 2.392109680175781250e+02 2.205303344726562500e+02 1.999670715332031250e+02
2.740886743163238179e+02 2.591986180676469758e+02 2.428966827392578125e+02 2.243180541992187500e+02 2.038492431640625000e+02
2.775886742870794137e+02 2.627817462295822111e+02 2.465792083740234375e+02 2.281017761230468750e+02 2.077273254394531250e+02
2.810886742659562287e+02 2.663631501485091349e+02 2.502585601806640625e+02 2.318815155029296875e+02 2.116008605957031250e+02
2.845886742506990004e+02 2.699428655860793356e+02 2.539347839355468750e+02 2.356572723388671875e+02 2.154700469970703125e+02
2.880886742396786531e+02 2.735209275629435410e+02 2.576079711914062500e+02 2.394290618896484375e+02 2.193352203369140625e+02
2.915886742317187554e+02 2.770973703739074949e+02 2.612782287597656250e+02 2.431970214843750000e+02 2.231963958740234375e+02
2.950886742259693278e+02 2.806722276028328338e+02 2.649454956054687500e+02 2.469611663818359375e+02 2.270534210205078125e+02
2.985886742218165750e+02 2.842455321372718231e+02 2.686097717285156250e+02 2.507215423583984375e+02 2.309062957763671875e+02
3.020886742188170615e+02 2.878173161828295292e+02 2.722710876464843750e+02 2.544781036376953125e+02 2.347551116943359375e+02
3.055886742166505314e+02 2.913876112772506985e+02 2.759295959472656250e+02 2.582309570312500000e+02 2.385999298095703125e+02
3.090886742150856890e+02 2.949564483042302641e+02 2.795852661132812500e+02 2.619801635742187500e+02 2.424407653808593750e+02
3.125886742139552439e+02 2.985238575069494686e+02 2.832381591796875000e+02 2.657257385253906250e+02 2.462775726318359375e+02
3.160886742131388019e+02 3.020898685013397085e+02 2.868883056640625000e+02 2.694678039550781250e+02 2.501104431152343750e+02
3.195886742125491082e+02 3.056545102890764838e+02 2.905357666015625000e+02 2.732065124511718750e+02 2.539394683837890625e+02
3.230886742121232373e+02 3.092178112703095962e+02 2.941805725097656250e+02 2.769418334960937500e+02 2.577647399902343750e+02
3.265886742118155439e+02 3.127797992561314686e+02 2.978227844238281250e+02 2.806737976074218750e+02 2.615862426757812500e+02
3.300886742115933998e+02 3.163405014807894418e+02 3.014624328613281250e+02 2.844024353027343750e+02 2.654039001464843750e+02
3.335886742114330445e+02 3.198999446136464826e+02 3.050995788574218750e+02 2.881277770996093750e+02 2.692177734375000000e+02
3.370886742113170840e+02 3.234581547708949643e+02 3.087342224121093750e+02 2.918499145507812500e+02 2.730279541015625000e+02
3.405886742112333536e+02 3.270151575270284070e+02 3.123664550781250000e+02 2.955688476562500000e+02 2.768345031738281250e+02
3.440886742111728722e+02 3.305709779260756704e+02 3.159963073730468750e+02 2.992846069335937500e+02 2.806373596191406250e+02
3.475886742111292165e+02 3.341256404926028836e+02 3.196238098144531250e+02 3.029972229003906250e+02 2.844365539550781250e+02
3.510886742110976115e+02 3.376791692424872053e+02 3.232490539550781250e+02 3.067067871093750000e+02 2.882321472167968750e+02
3.545886742110748173e+02 3.412315876934675316e+02 3.268720397949218750e+02 3.104133605957031250e+02 2.920242004394531250e+02
3.580886742110584464e+02 3.447829188754766392e+02 3.304927978515625000e+02 3.141169128417968750e+02 2.958127441406250000e+02
3.615886742110465661e+02 3.483331853407587460e+02 3.341112976074218750e+02 3.178175048828125000e+02 2.995977478027343750e+02
3.650886742110378123e+02 3.518824091737777167e+02 3.377276611328125000e+02 3.215151062011718750e+02 3.033792419433593750e+02
3.685886742110316163e+02 3.554306120009197230e+02 3.413418884277343750e+02 3.252097167968750000e+02 3.071573181152343750e+02
3.720886742110271257e+02 3.589778149999942798e+02 3.449540100097656250e+02 3.289014892578125000e+02 3.109319763183593750e+02
3.755886742110238856e+02 3.625240389095388878e+02 3.485640563964843750e+02 3.325903625488281250e+02 3.147032165527343750e+02
3.790886742110215550e+02 3.660693040379302374e+02 3.521721496582031250e+02 3.362764587402343750e+02 3.184710693359375000e+02
3.825886742110198497e+02 3.696136302723068638e+02 3.557783813476562500e+02 3.399598388671875000e+02 3.222356262207031250e+02
3.860886742110186560e+02 3.731570370873060369e+02 3.593828125000000000e+02 3.436405334472656250e+02 3.259969177246093750e+02
3.895886742110178034e+02 3.766995435536202876e+02 3.629854736328125000e+02 3.473186645507812500e+02 3.297549743652343750e+02
3.930886742110171213e+02 3.802411683463759005e+02 3.665863647460937500e+02 3.509941711425781250e+02 3.335098571777343750e+02
3.965886742110167233e+02 3.837819297533377494e+02 3.701854553222656250e+02 3.546670227050781250e+02 3.372617187500000000e+02
4.000886742110163254e+02 3.873218456829438310e+02 3.737828674316406250e+02 3.583372497558593750e+02 3.410104675292968750e+02
4.035886742110159275e+02 3.908609336721737577e+02 3.773785705566406250e+02 3.620049438476562500e+02 3.447561340332031250e+02
4.070886742110159275e+02 3.943992108942531445e+02 3.809726257324218750e+02 3.656701965332031250e+02 3.484988098144531250e+02
4.105886742110159275e+02 3.979366941661987198e+02 3.845650634765625000e+02 3.693329772949218750e+02 3.522385253906250000e+02
4.140886742110159275e+02 4.014733999562070039e+02 3.881558532714843750e+02 3.729932556152343750e+02 3.559754333496093750e+02
4.175886742110159275e+02 4.050093443908894528e+02 3.917451477050781250e+02 3.766511230468750000e+02 3.597093505859375000e+02
4.210886742110159275e+02 4.085445432623577062e+02 3.953327941894531250e+02 3.803066711425781250e+02 3.634402770996093750e+02
4.245886742110159275e+02 4.120790120351617247e+02 3.989188842773437500e+02 3.839598999023437500e+02 3.671683349609375000e+02
4.280886742110159275e+02 4.156127658530840563e+02 4.025034790039062500e+02 3.876107788085937500e+02 3.708935852050781250e+02
4.315886742110159275e+02 4.191458195457936995e+02 4.060865783691406250e+02 3.912593688964843750e+02 3.746159667968750000e+02
4.350886742110159275e+02 4.226781876353605298e+02 4.096683349609375000e+02 3.949056701660156250e+02 3.783355712890625000e+02
4.385886742110159275e+02 4.262098843426366557e+02 4.132486572265625000e+02 3.985498046875000000e+02 3.820523681640625000e+02
4.420886742110159275e+02 4.297409235935035667e+02 4.168274841308593750e+02 4.021917419433593750e+02 3.857664794921875000e+02
4.455886742110159275e+02 4.332713190249906461e+02 4.204049682617187500e+02 4.058315124511718750e+02 3.894778747558593750e+02
4.490886742110159275e+02 4.368010839912666938e+02 4.239810485839843750e+02 4.094691162109375000e+02 3.931865539550781250e+02
4.525886742110159275e+02 4.403302315695068501e+02 4.275558166503906250e+02 4.131046447753906250e+02 3.968925781250000000e+02
4.560886742110159275e+02 4.438587745656382140e+02 4.311292724609375000e+02 4.167380981445312500e+02 4.005959777832031250e+02
4.595886742110159275e+02 4.473867255199659212e+02 4.347014160156250000e+02 4.203694763183593750e+02 4.042967834472656250e+02
4.630886742110159275e+02 4.509140967126828059e+02 4.382722778320312500e+02 4.239988708496093750e+02 4.079949951171875000e+02
4.665886742110159275e+02 4.544409001692647507e+02 4.418418884277343750e+02 4.276262512207031250e+02 4.116906433105468750e+02
4.700886742110159275e+02 4.579671476657539415e+02 4.454103088378906250e+02 4.312516479492187500e+02 4.153837585449218750e+02
4.735886742110159275e+02 4.614928507339325279e+02 4.489774780273437500e+02 4.348751220703125000e+02 4.190743713378906250e+02
4.770886742110159275e+02 4.650180206663893046e+02 4.525434570312500000e+02 4.384967041015625000e+02 4.227625122070312500e+02
4.805886742110159275e+02 4.685426685214811187e+02 4.561082763671875000e+02 4.421163940429687500e+02 4.264482116699218750e+02
4.840886742110159275e+02 4.720668051281911630e+02 4.596719360351562500e+02 4.457342224121093750e+02 4.301314697265625000e+02
4.875886742110159275e+02 4.755904410908865998e+02 4.632344360351562500e+02 4.493502807617187500e+02 4.338123168945312500e+02
4.910886742110159275e+02 4.791135867939779018e+02 4.667958679199218750e+02 4.529646911621093750e+02 4.374908142089843750e+02
4.945886742110159275e+02 4.826362524064808781e+02 4.703562011718750000e+02 4.565774841308593750e+02 4.411669921875000000e+02
4.980886742110159275e+02 4.861584478864846801e+02 4.739154663085937500e+02 4.601885681152343750e+02 4.448409423828125000e+02
5.015886742110159275e+02 4.896801829855265282e+02 4.774736633300781250e+02 4.637979431152343750e+02 4.485126037597656250e+02
5.050886742110159275e+02 4.932014672528763981e+02 4.810308532714843750e+02 4.674057617187500000e+02 4.521819458007812500e+02
5.085886742110159275e+02 4.967223100397323492e+02 4.845869750976562500e+02 4.710119323730468750e+02 4.558490600585937500e+02
5.120886742110159275e+02 5.002427205033288260e+02 4.881420898437500000e+02 4.746166076660156250e+02 4.595140380859375000e+02
5.155886742110159275e+02 5.037627076109599784e+02 4.916961975097656250e+02 4.782196960449218750e+02 4.631768798828125000e+02
5.190886742110159275e+02 5.072822801439194222e+02 4.952493286132812500e+02 4.818211669921875000e+02 4.668375244140625000e+02
5.225886742110159275e+02 5.108014467013582021e+02 4.988015136718750000e+02 4.854211425781250000e+02 4.704960021972656250e+02
5.260886742110159275e+02 5.143202157040628890e+02 5.023527526855468750e+02 4.890196228027343750e+02 4.741523742675781250e+02
5.295886742110159275e+02 5.178385953981554621e+02 5.059030456542968750e+02 4.926166076660156250e+02 4.778066711425781250e+02
5.330886742110159275e+02 5.213565938587156552e+02 5.094524230957031250e+02 4.962120971679687500e+02 4.814589233398437500e+02
5.365886742110159275e+02 5.248742189933290092e+02 5.130009155273437500e+02 4.998060913085937500e+02 4.851091003417968750e+02
5.400886742110159275e+02 5.283914785455614265e+02 5.165485229492187500e+02 5.033985900878906250e+02 4.887572021484375000e+02
5.435886742110159275e+02 5.319083800983606807e+02 5.200952758789062500e+02 5.069896850585937500e+02 4.924033203125000000e+02
5.470886742110159275e+02 5.354249310773883508e+02 5.236411743164062500e+02 5.105794067382812500e+02 4.960474853515625000e+02
5.505886742110159275e+02 5.389411387542824059e+02 5.271862182617187500e+02 5.141677246093750000e+02 4.996896972656250000e+02
5.540886742110159275e+02 5.424570102498513506e+02 5.307304077148437500e+02 5.177546386718750000e+02 5.033299865722656250e+02
5.575886742110159275e+02 5.459725525372034554e+02 5.342738037109375000e+02 5.213402099609375000e+02 5.069683227539062500e+02
5.610886742110159275e+02 5.494877724448095933e+02 5.378164062500000000e+02 5.249244995117187500e+02 5.106047973632812500e+02
5.645886742110159275e+02 5.530026766595042318e+02 5.413582153320312500e+02 5.285074462890625000e+02 5.142393798828125000e+02
5.680886742110159275e+02 5.565172717294228732e+02 5.448992919921875000e+02 5.320891113281250000e+02 5.178721923828125000e+02
5.715886742110159275e+02 5.600315640668785591e+02 5.484396362304687500e+02 5.356694335937500000e+02 5.215031127929687500e+02
5.750886742110159275e+02 5.635455599511795981e+02 5.519791870117187500e+02 5.392485351562500000e+02 5.251322021484375000e+02
5.785886742110159275e+02 5.670592655313882915e+02 5.555180053710937500e+02 5.428263549804687500e+02 5.287595214843750000e+02
5.820886742110159275e+02 5.705726868290223592e+02 5.590562133789062500e+02 5.464030151367187500e+02 5.323851318359375000e+02
5.855886742110159275e+02 5.740858297407006603e+02 5.625936279296875000e+02 5.499784545898437500e+02 5.360089721679687500e+02
5.890886742110159275e+02 5.775987000407337746e+02 5.661303710937500000e+02 5.535527343750000000e+02 5.396311035156250000e+02
5.925886742110159275e+02 5.811113033836608111e+02 5.696664428710937500e+02 5.571257934570312500e+02 5.432517089843750000e+02
5.960886742110159275e+02 5.846236453067339198e+02 5.732018432617187500e+02 5.606976928710937500e+02 5.468707885742187500e+02
5.995886742110159275e+02 5.881357312323511906e+02 5.767366333007812500e+02 5.642684936523437500e+02 5.504881591796875000e+02
6.030886742110159275e+02 5.916475664704385053e+02 5.802707519531250000e+02 5.678381347656250000e+02 5.541040649414062500e+02
6.065886742110159275e+02 5.951591562207823927e+02 5.838042602539062500e+02 5.714066772460937500e+02 5.577184448242187500e+02
6.100886742110159275e+02 5.986705055753153601e+02 5.873371582031250000e+02 5.749741821289062500e+02 5.613313598632812500e+02
6.135886742110159275e+02 6.021816195203526831e+02 5.908694458007812500e+02 5.785405273437500000e+02 5.649427490234375000e+02
6.170886742110159275e+02 6.056925029387825816e+02 5.944011840820312500e+02 5.821058959960937500e+02 5.685526733398437500e+02
6.205886742110159275e+02 6.092031606122119456e+02 5.979322509765625000e+02 5.856701660156250000e+02 5.721610717773437500e+02
6.240886742110159275e+02 6.127135972230671541e+02 6.014627685546875000e+02 5.892333984375000000e+02 5.757680053710937500e+02
6.275886742110159275e+02 6.162238173566511250e+02 6.049927368164062500e+02 5.927956542968750000e+02 5.793734130859375000e+02
6.310886742110159275e+02 6.197338255031580729e+02 6.085220947265625000e+02 5.963568725585937500e+02 5.829774169921875000e+02
6.345886742110159275e+02 6.232436260596459761e+02 6.120509643554687500e+02 5.999171142578125000e+02 5.865800781250000000e+02
6.380886742110159275e+02 6.267532233319686839e+02 6.155792846679687500e+02 6.034763793945312500e+02 5.901812744140625000e+02
6.415886742110159275e+02 6.302626215366675524e+02 6.191071166992187500e+02 6.070346069335937500e+02 5.937811279296875000e+02
6.450886742110159275e+02 6.337718248028240851e+02 6.226343994140625000e+02 6.105919799804687500e+02 5.973795776367187500e+02
6.485886742110159275e+02 6.372808371738738060e+02 6.261611938476562500e+02 6.141483764648437500e+02 6.009766845703125000e+02
6.520886742110159275e+02 6.407896626093831856e+02 6.296875000000000000e+02 6.177039184570312500e+02 6.045725097656250000e+02
6.555886742110159275e+02 6.442983049867884802e+02 6.332133178710937500e+02 6.212585449218750000e+02 6.081670532226562500e+02
6.590886742110159275e+02 6.478067681030996710e+02 6.367386474609375000e+02 6.248122558593750000e+02 6.117602539062500000e+02
6.625886742110159275e+02 6.513150556765693864e+02 6.402634887695312500e+02 6.283651123046875000e+02 6.153521728515625000e+02
6.660886742110159275e+02 6.548231713483256726e+02 6.437879028320312500e+02 6.319170532226562500e+02 6.189428100585937500e+02
6.695886742110159275e+02 6.583311186839715674e+02 6.473118286132812500e+02 6.354681396484375000e+02 6.225321655273437500e+02
6.730886742110159275e+02 6.618389011751523867e+02 6.508353271484375000e+02 6.390183715820312500e+02 6.261203002929687500e+02
6.765886742110159275e+02 6.653465222410892466e+02 6.543583984375000000e+02 6.425678100585937500e+02 6.297072143554687500e+02
6.800886742110159275e+02 6.688539852300813209e+02 6.578810424804687500e+02 6.461163940429687500e+02 6.332928466796875000e+02
6.835886742110159275e+02 6.723612934209771765e+02 6.614032592773437500e+02 6.496641845703125000e+02 6.368772583007812500e+02
6.870886742110159275e+02 6.758684500246149582e+02 6.649250488281250000e+02 6.532111816406250000e+02 6.404605102539062500e+02
6.905886742110159275e+02 6.793754581852334695e+02 6.684464111328125000e+02 6.567573852539062500e+02 6.440425415039062500e+02
6.940886742110159275e+02 6.828823209818532405e+02 6.719674072265625000e+02 6.603028564453125000e+02 6.476234130859375000e+02
6.975886742110159275e+02 6.863890414296295148e+02 6.754879760742187500e+02 6.638475341796875000e+02 6.512031250000000000e+02
7.010886742110159275e+02 6.898956224811767015e+02 6.790081787109375000e+02 6.673914794921875000e+02 6.547817382812500000e+02
7.045886742110159275e+02 6.934020670278662237e+02 6.825280151367187500e+02 6.709346923828125000e+02 6.583591918945312500e+02
7.080886742110159275e+02 6.969083779010959461e+02 6.860474853515625000e+02 6.744772338867187500e+02 6.619355468750000000e+02
7.115886742110159275e+02 7.004145578735348181e+02 6.895665893554687500e+02 6.780190429687500000e+02 6.655107421875000000e+02
7.150886742110159275e+02 7.039206096603405740e+02 6.930853881835937500e+02 6.815601806640625000e+02 6.690848999023437500e+02
7.185886742110159275e+02 7.074265359203531034e+02 6.966037597656250000e+02 6.851005859375000000e+02 6.726579589843750000e+02
7.220886742110159275e+02 7.109323392572620151e+02 7.001217651367187500e+02 6.886403198242187500e+02 6.762299194335937500e+02
7.255886742110159275e+02 7.144380222207514635e+02 7.036394653320312500e+02 6.921793823242187500e+02 6.798008422851562500e+02
7.290886742110159275e+02 7.179435873076192820e+02 7.071568603515625000e+02 6.957178344726562500e+02 6.833707275390625000e+02
7.325886742110159275e+02 7.214490369628745157e+02 7.106739501953125000e+02 6.992556152343750000e+02 6.869395141601562500e+02
7.360886742110159275e+02 7.249543735808119891e+02 7.141906738281250000e+02 7.027927856445312500e+02 6.905073242187500000e+02
7.395886742110159275e+02 7.284595995060634550e+02 7.177070922851562500e+02 7.063293457031250000e+02 6.940740966796875000e+02
7.430886742110159275e+02 7.319647170346280518e+02 7.212232666015625000e+02 7.098652343750000000e+02 6.976398925781250000e+02
7.465886742110159275e+02 7.354697284148813878e+02 7.247390747070312500e+02 7.134005126953125000e+02 7.012047119140625000e+02
7.500886742110159275e+02 7.389746358485625706e+02 7.282545776367187500e+02 7.169352416992187500e+02 7.047686157226562500e+02
7.535886742110159275e+02 7.424794414917423637e+02 7.317698364257812500e+02 7.204694213867187500e+02 7.083315429687500000e+02
7.570886742110159275e+02 7.459841474557699712e+02 7.352847900390625000e+02 7.240029907226562500e+02 7.118935546875000000e+02
7.605886742110159275e+02 7.494887558082007217e+02 7.387994384765625000e+02 7.275360107421875000e+02 7.154546508789062500e+02
7.640886742110159275e+02 7.529932685737048814e+02 7.423138427734375000e+02 7.310684814453125000e+02 7.190147705078125000e+02
7.675886742110159275e+02 7.564976877349558890e+02 7.458279418945312500e+02 7.346004028320312500e+02 7.225740356445312500e+02
7.710886742110159275e+02 7.600020152335032435e+02 7.493417968750000000e+02 7.381317749023437500e+02 7.261324462890625000e+02
7.745886742110159275e+02 7.635062529706241321e+02 7.528554687500000000e+02 7.416626586914062500e+02 7.296899414062500000e+02
7.780886742110159275e+02 7.670104028081594834e+02 7.563687133789062500e+02 7.451929321289062500e+02 7.332465820312500000e+02
7.815886742110159275e+02 7.705144665693317165e+02 7.598818359375000000e+02 7.487227172851562500e+02 7.368023681640625000e+02
7.850886742110159275e+02 7.740184460395457791e+02 7.633946533203125000e+02 7.522520141601562500e+02 7.403572998046875000e+02
7.885886742110159275e+02 7.775223429671734721e+02 7.669072265625000000e+02 7.557808227539062500e+02 7.439114379882812500e+02
7.920886742110159275e+02 7.810261590643217460e+02 7.704196166992187500e+02 7.593091430664062500e+02 7.474647216796875000e+02
7.955886742110159275e+02 7.845298960075847390e+02 7.739317016601562500e+02 7.628369750976562500e+02 7.510172119140625000e+02
7.990886742110159275e+02 7.880335554387808088e+02 7.774436645507812500e+02 7.663643798828125000e+02 7.545689697265625000e+02
8.025886742110159275e+02 7.915371389656731935e+02 7.809552612304687500e+02 7.698912963867187500e+02 7.581198730468750000e+02
8.060886742110159275e+02 7.950406481626769164e+02 7.844667968750000000e+02 7.734177246093750000e+02 7.616700439453125000e+02
8.095886742110159275e+02 7.985440845715502292e+02 7.879779663085937500e+02 7.769437255859375000e+02 7.652194213867187500e+02
8.130886742110159275e+02 8.020474497020722993e+02 7.914890747070312500e+02 7.804692993164062500e+02 7.687680664062500000e+02
8.165886742110159275e+02 8.055507450327058905e+02 7.949998168945312500e+02 7.839944458007812500e+02 7.723159790039062500e+02
8.200886742110159275e+02 8.090539720112477653e+02 7.985104980468750000e+02 7.875191650390625000e+02 7.758631591796875000e+02
8.235886742110159275e+02 8.125571320554640806e+02 8.020208740234375000e+02 7.910434570312500000e+02 7.794096069335937500e+02
8.270886742110159275e+02 8.160602265537135054e+02 8.055311279296875000e+02 7.945673217773437500e+02 7.829553833007812500e+02
8.305886742110159275e+02 8.195632568655573778e+02 8.090411376953125000e+02 7.980907592773437500e+02 7.865004272460937500e+02
8.340886742110159275e+02 8.230662243223569021e+02 8.125509643554687500e+02 8.016138305664062500e+02 7.900447387695312500e+02
8.375886742110159275e+02 8.265691302278578405e+02 8.160606689453125000e+02 8.051364746093750000e+02 7.935884399414062500e+02
8.410886742110159275e+02 8.300719758587637216e+02 8.195700683593750000e+02 8.086586914062500000e+02 7.971314086914062500e+02
8.445886742110159275e+02 8.335747624652965442e+02 8.230794677734375000e+02 8.121805419921875000e+02 8.006737670898437500e+02
8.480886742110159275e+02 8.370774912717457710e+02 8.265885009765625000e+02 8.157020263671875000e+02 8.042154541015625000e+02
8.515886742110159275e+02 8.405801634770070905e+02 8.300974731445312500e+02 8.192231445312500000e+02 8.077564697265625000e+02
8.550886742110159275e+02 8.440827802551079913e+02 8.336062622070312500e+02 8.227439575195312500e+02 8.112968750000000000e+02
8.585886742110159275e+02 8.475853427557245823e+02 8.371148071289062500e+02 8.262644042968750000e+02 8.148366088867187500e+02
8.620886742110159275e+02 8.510878521046860214e+02 8.406233520507812500e+02 8.297844848632812500e+02 8.183757324218750000e+02
8.655886742110159275e+02 8.545903094044693944e+02 8.441315307617187500e+02 8.333041992187500000e+02 8.219143066406250000e+02
8.690886742110159275e+02 8.580927157346843615e+02 8.476396484375000000e+02 8.368235473632812500e+02 8.254522094726562500e+02
8.725886742110159275e+02 8.615950721525470044e+02 8.511477050781250000e+02 8.403425903320312500e+02 8.289895629882812500e+02
8.760886742110159275e+02 8.650973796933444646e+02 8.546553955078125000e+02 8.438613891601562500e+02 8.325263061523437500e+02
8.795886742110159275e+02 8.685996393708899177e+02 8.581630859375000000e+02 8.473797607421875000e+02 8.360625000000000000e+02
8.830886742110159275e+02 8.721018521779679986e+02 8.616707153320312500e+02 8.508978271484375000e+02 8.395981445312500000e+02
8.865886742110159275e+02 8.756040190867707906e+02 8.651779785156250000e+02 8.544156494140625000e+02 8.431332397460937500e+02
8.900886742110159275e+02 8.791061410493250605e+02 8.686852416992187500e+02 8.579331665039062500e+02 8.466677246093750000e+02
8.935886742110159275e+02 8.826082189979106261e+02 8.721924438476562500e+02 8.614502563476562500e+02 8.502017211914062500e+02
8.970886742110159275e+02 8.861102538454699697e+02 8.756992797851562500e+02 8.649671020507812500e+02 8.537351684570312500e+02
9.005886742110159275e+02 8.896122464860089849e+02 8.792061157226562500e+02 8.684837646484375000e+02 8.572681274414062500e+02
9.040886742110159275e+02 8.931141977949899911e+02 8.827129516601562500e+02 8.720000000000000000e+02 8.608004760742187500e+02
9.075886742110159275e+02 8.966161086297165639e+02 8.862194213867187500e+02 8.755159912109375000e+02 8.643323364257812500e+02
9.110886742110159275e+02 9.001179798297097250e+02 8.897258300781250000e+02 8.790317993164062500e+02 8.678637084960937500e+02
9.145886742110159275e+02 9.036198122170775378e+02 8.932322387695312500e+02 8.825471801757812500e+02 8.713945922851562500e+02
9.180886742110159275e+02 9.071216065968751536e+02 8.967384643554687500e+02 8.860623779296875000e+02 8.749249877929687500e+02
9.215886742110159275e+02 9.106233637574600834e+02 9.002444458007812500e+02 8.895773315429687500e+02 8.784549560546875000e+02
9.250886742110159275e+02 9.141250844708365548e+02 9.037504272460937500e+02 8.930919799804687500e+02 8.819843750000000000e+02
9.285886742110159275e+02 9.176267694929969139e+02 9.072564086914062500e+02 8.966064453125000000e+02 8.855133666992187500e+02
9.320886742110159275e+02 9.211284195642521127e+02 9.107620849609375000e+02 9.001205444335937500e+02 8.890418701171875000e+02
9.355886742110159275e+02 9.246300354095568537e+02 9.142676391601562500e+02 9.036345214843750000e+02 8.925699462890625000e+02
9.390886742110159275e+02 9.281316177388295046e+02 9.177731933593750000e+02 9.071481933593750000e+02 8.960975952148437500e+02
9.425886742110159275e+02 9.316331672472634864e+02 9.212787475585937500e+02 9.106616210937500000e+02 8.996248168945312500e+02
9.460886742110159275e+02 9.351346846156318406e+02 9.247839965820312500e+02 9.141748657226562500e+02 9.031515502929687500e+02
9.495886742110159275e+02 9.386361705105872488e+02 9.282891235351562500e+02 9.176878051757812500e+02 9.066779174804687500e+02
9.530886742110159275e+02 9.421376255849544350e+02 9.317942504882812500e+02 9.212006225585937500e+02 9.102038574218750000e+02
9.565886742110159275e+02 9.456390504780173387e+02 9.352993774414062500e+02 9.247130737304687500e+02 9.137293701171875000e+02
9.600886742110159275e+02 9.491404458157995805e+02 9.388043823242187500e+02 9.282254638671875000e+02 9.172544555664062500e+02
9.635886742110159275e+02 9.526418122113400386e+02 9.423090820312500000e+02 9.317374877929687500e+02 9.207791748046875000e+02
9.670886742110159275e+02 9.561431502649617187e+02 9.458137817382812500e+02 9.352494506835937500e+02 9.243035278320312500e+02
9.705886742110159275e+02 9.596444605645353931e+02 9.493184814453125000e+02 9.387610473632812500e+02 9.278274536132812500e+02
9.740886742110159275e+02 9.631457436857386938e+02 9.528231811523437500e+02 9.422725830078125000e+02 9.313509521484375000e+02
9.775886742110159275e+02 9.666470001923082691e+02 9.563275756835937500e+02 9.457838134765625000e+02 9.348740844726562500e+02
9.810886742110159275e+02 9.701482306362873942e+02 9.598318481445312500e+02 9.492949218750000000e+02 9.383968505859375000e+02
9.845886742110159275e+02 9.736494355582691469e+02 9.633361206054687500e+02 9.528057861328125000e+02 9.419193115234375000e+02
9.880886742110159275e+02 9.771506154876333312e+02 9.668403930664062500e+02 9.563164672851562500e+02 9.454414062500000000e+02
9.915886742110159275e+02 9.806517709427796490e+02 9.703446655273437500e+02 9.598270263671875000e+02 9.489631347656250000e+02
9.950886742110159275e+02 9.841529024313547325e+02 9.738486938476562500e+02 9.633372802734375000e+02 9.524844970703125000e+02
9.985886742110159275e+02 9.876540104504756528e+02 9.773525390625000000e+02 9.668475341796875000e+02 9.560054931640625000e+02
1.002088674211015928e+03 9.911550954869484258e+02 9.808563842773437500e+02 9.703573608398437500e+02 9.595261840820312500e+02
1.005588674211015928e+03 9.946561580174815163e+02 9.843602294921875000e+02 9.738671875000000000e+02 9.630465698242187500e+02
1.009088674211015928e+03 9.981571985088953625e+02 9.878640747070312500e+02 9.773767700195312500e+02 9.665665893554687500e+02
1.012588674211015928e+03 1.001658217418327695e+03 9.913679199218750000e+02 9.808861694335937500e+02 9.700862426757812500e+02
1.016088674211015928e+03 1.005159215193434420e+03 9.948714599609375000e+02 9.843955688476562500e+02 9.736056518554687500e+02
1.019588674211015928e+03 1.008660192272585732e+03 9.983748779296875000e+02 9.879045410156250000e+02 9.771247558593750000e+02
1.023088674211015928e+03 1.012161149085059492e+03 1.001878295898437500e+03 9.914135131835937500e+02 9.806435546875000000e+02
1.026588674211015814e+03 1.015662086051229039e+03 1.005381713867187500e+03 9.949223632812500000e+02 9.841619262695312500e+02
1.030088674211015814e+03 1.019163003582748502e+03 1.008885131835937500e+03 9.984309082031250000e+02 9.876800537109375000e+02
1.033588674211015814e+03 1.022663902082733443e+03 1.012388549804687500e+03 1.001939453125000000e+03 9.911979980468750000e+02
1.037088674211015814e+03 1.026164781945938103e+03 1.015891845703125000e+03 1.005447814941406250e+03 9.947155761718750000e+02
1.040588674211015814e+03 1.029665643558928423e+03 1.019394836425781250e+03 1.008955932617187500e+03 9.982328491210937500e+02
1.044088674211015814e+03 1.033166487300251902e+03 1.022897827148437500e+03 1.012464050292968750e+03 1.001749938964843750e+03
1.047588674211015814e+03 1.036667313540605164e+03 1.026401123046875000e+03 1.015971923828125000e+03 1.005266601562500000e+03
1.051088674211015814e+03 1.040168122642994604e+03 1.029903930664062500e+03 1.019479614257812500e+03 1.008783081054687500e+03
1.054588674211015814e+03 1.043668914962897816e+03 1.033406494140625000e+03 1.022987304687500000e+03 1.012299316406250000e+03
1.058088674211015814e+03 1.047169690848419123e+03 1.036909057617187500e+03 1.026494995117187500e+03 1.015815246582031250e+03
1.061588674211015814e+03 1.050670450640441686e+03 1.040411621093750000e+03 1.030002685546875000e+03 1.019330993652343750e+03
1.065088674211015814e+03 1.054171194672778711e+03 1.043914184570312500e+03 1.033509521484375000e+03 1.022846374511718750e+03
1.068588674211015814e+03 1.057671923272319646e+03 1.047416748046875000e+03 1.037016357421875000e+03 1.026361694335937500e+03
1.072088674211015814e+03 1.061172636759172974e+03 1.050919311523437500e+03 1.040523193359375000e+03 1.029876586914062500e+03
1.075588674211015814e+03 1.064673335446807414e+03 1.054421875000000000e+03 1.044030029296875000e+03 1.033391113281250000e+03
1.079088674211015814e+03 1.068174019642189933e+03 1.057924438476562500e+03 1.047536865234375000e+03 1.036905639648437500e+03
1.082588674211015814e+03 1.071674689645920580e+03 1.061427001953125000e+03 1.051043701171875000e+03 1.040420166015625000e+03
1.086088674211015814e+03 1.075175345752364137e+03 1.064929565429687500e+03 1.054550537109375000e+03 1.043933837890625000e+03
1.089588674211015814e+03 1.078675988249778811e+03 1.068432128906250000e+03 1.058056640625000000e+03 1.047447509765625000e+03
1.093088674211015814e+03 1.082176617420445609e+03 1.071934692382812500e+03 1.061562622070312500e+03 1.050961181640625000e+03
1.096588674211015814e+03 1.085677233540789302e+03 1.075437255859375000e+03 1.065068603515625000e+03 1.054474609375000000e+03
1.100088674211015814e+03 1.089177836881499843e+03 1.078939819335937500e+03 1.068574584960937500e+03 1.057987426757812500e+03
1.103588674211015814e+03 1.092678427707654691e+03 1.082442382812500000e+03 1.072080566406250000e+03 1.061500244140625000e+03
1.107088674211015814e+03 1.096179006278831594e+03 1.085944946289062500e+03 1.075586547851562500e+03 1.065013061523437500e+03
1.110588674211015814e+03 1.099679572849224769e+03 1.089446899414062500e+03 1.079092529296875000e+03 1.068525756835937500e+03
1.114088674211015814e+03 1.103180127667755869e+03 1.092948608398437500e+03 1.082598510742187500e+03 1.072037719726562500e+03
1.117588674211015814e+03 1.106680670978183116e+03 1.096450317382812500e+03 1.086103759765625000e+03 1.075549682617187500e+03
1.121088674211015814e+03 1.110181203019208624e+03 1.099952026367187500e+03 1.089608886718750000e+03 1.079061645507812500e+03
1.124588674211015814e+03 1.113681724024583673e+03 1.103453735351562500e+03 1.093114013671875000e+03 1.082573608398437500e+03
1.128088674211015814e+03 1.117182234223211026e+03 1.106955444335937500e+03 1.096619140625000000e+03 1.086084716796875000e+03
1.131588674211015814e+03 1.120682733839245202e+03 1.110457153320312500e+03 1.100124267578125000e+03 1.089595825195312500e+03
1.135088674211015814e+03 1.124183223092191383e+03 1.113958862304687500e+03 1.103629394531250000e+03 1.093106933593750000e+03
1.138588674211015814e+03 1.127683702197002049e+03 1.117460571289062500e+03 1.107134521484375000e+03 1.096618041992187500e+03
1.142088674211015814e+03 1.131184171364170652e+03 1.120962280273437500e+03 1.110639648437500000e+03 1.100128784179687500e+03
1.145588674211015814e+03 1.134684630799824845e+03 1.124463989257812500e+03 1.114144775390625000e+03 1.103639038085937500e+03
1.149088674211015814e+03 1.138185080705816972e+03 1.127965698242187500e+03 1.117649169921875000e+03 1.107149291992187500e+03
1.152588674211015814e+03 1.141685521279811837e+03 1.131467407226562500e+03 1.121153442382812500e+03 1.110659545898437500e+03
1.156088674211015814e+03 1.145185952715375151e+03 1.134969116210937500e+03 1.124657714843750000e+03 1.114169799804687500e+03
1.159588674211015814e+03 1.148686375202056752e+03 1.138470825195312500e+03 1.128161987304687500e+03 1.117679687500000000e+03
1.163088674211015814e+03 1.152186788925476094e+03 1.141972534179687500e+03 1.131666259765625000e+03 1.121189086914062500e+03
1.166588674211015814e+03 1.155687194067400696e+03 1.145474243164062500e+03 1.135170532226562500e+03 1.124698486328125000e+03
1.170088674211015814e+03 1.159187590805829132e+03 1.148975952148437500e+03 1.138674804687500000e+03 1.128207885742187500e+03
1.173588674211015814e+03 1.162687979315067878e+03 1.152477661132812500e+03 1.142179077148437500e+03 1.131717285156250000e+03
1.177088674211015814e+03 1.166188359765807263e+03 1.155979370117187500e+03 1.145683349609375000e+03 1.135226684570312500e+03
1.180588674211015814e+03 1.169688732325197634e+03 1.159481079101562500e+03 1.149187622070312500e+03 1.138735351562500000e+03
1.184088674211015814e+03 1.173189097156922571e+03 1.162982788085937500e+03 1.152691894531250000e+03 1.142243896484375000e+03
1.187588674211015814e+03 1.176689454421269602e+03 1.166484497070312500e+03 1.156195678710937500e+03 1.145752441406250000e+03
1.191088674211015814e+03 1.180189804275202732e+03 1.169986206054687500e+03 1.159699096679687500e+03 1.149260986328125000e+03
1.194588674211015814e+03 1.183690146872428613e+03 1.173487915039062500e+03 1.163202514648437500e+03 1.152769531250000000e+03
1.198088674211015814e+03 1.187190482363467254e+03 1.176989379882812500e+03 1.166705932617187500e+03 1.156278076171875000e+03
1.201588674211015814e+03 1.190690810895715686e+03 1.180490234375000000e+03 1.170209350585937500e+03 1.159785888671875000e+03
1.205088674211015814e+03 1.194191132613514128e+03 1.183991088867187500e+03 1.173712768554687500e+03 1.163293579101562500e+03
1.208588674211015814e+03 1.197691447658208062e+03 1.187491943359375000e+03 1.177216186523437500e+03 1.166801269531250000e+03
1.212088674211015814e+03 1.201191756168212351e+03 1.190992797851562500e+03 1.180719604492187500e+03 1.170308959960937500e+03
1.215588674211015814e+03 1.204692058279069897e+03 1.194493652343750000e+03 1.184223022460937500e+03 1.173816650390625000e+03
1.219088674211015814e+03 1.208192354123512359e+03 1.197994506835937500e+03 1.187726440429687500e+03 1.177324340820312500e+03
1.222588674211015814e+03 1.211692643831518581e+03 1.201495361328125000e+03 1.191229858398437500e+03 1.180831787109375000e+03
1.226088674211015814e+03 1.215192927530371207e+03 1.204996215820312500e+03 1.194733276367187500e+03 1.184338623046875000e+03
1.229588674211015814e+03 1.218693205344712851e+03 1.208497070312500000e+03 1.198236694335937500e+03 1.187845458984375000e+03
1.233088674211015814e+03 1.222193477396600201e+03 1.211997924804687500e+03 1.201739990234375000e+03 1.191352294921875000e+03
1.236588674211015814e+03 1.225693743805558825e+03 1.215498779296875000e+03 1.205242553710937500e+03 1.194859130859375000e+03
1.240088674211015814e+03 1.229194004688635005e+03 1.218999633789062500e+03 1.208745117187500000e+03 1.198365966796875000e+03
1.243588674211015814e+03 1.232694260160447584e+03 1.222500488281250000e+03 1.212247680664062500e+03 1.201872802734375000e+03
1.247088674211015814e+03 1.236194510333237076e+03 1.226001342773437500e+03 1.215750244140625000e+03 1.205379516601562500e+03
1.250588674211015814e+03 1.239694755316916599e+03 1.229502197265625000e+03 1.219252807617187500e+03 1.208885498046875000e+03
1.254088674211015814e+03 1.243194995219118709e+03 1.233003051757812500e+03 1.222755371093750000e+03 1.212391479492187500e+03
1.257588674211015814e+03 1.246695230145244977e+03 1.236503906250000000e+03 1.226257934570312500e+03 1.215897460937500000e+03
1.261088674211015814e+03 1.250195460198508499e+03 1.240004760742187500e+03 1.229760498046875000e+03 1.219403442382812500e+03
1.264588674211015814e+03 1.253695685479983013e+03 1.243505615234375000e+03 1.233263061523437500e+03 1.222909423828125000e+03
1.268088674211015814e+03 1.257195906088645643e+03 1.247006469726562500e+03 1.236765625000000000e+03 1.226415405273437500e+03
1.271588674211015814e+03 1.260696122121420558e+03 1.250507324218750000e+03 1.240268188476562500e+03 1.229921386718750000e+03
1.275088674211015814e+03 1.264196333673221261e+03 1.254008178710937500e+03 1.243770751953125000e+03 1.233427368164062500e+03
1.278588674211015814e+03 1.267696540836991971e+03 1.257509033203125000e+03 1.247273315429687500e+03 1.236932739257812500e+03
1.282088674211015814e+03 1.271196743703750371e+03 1.261009887695312500e+03 1.250775878906250000e+03 1.240437866210937500e+03
1.285588674211015814e+03 1.274696942362625578e+03 1.264510742187500000e+03 1.254278442382812500e+03 1.243942993164062500e+03
1.289088674211015814e+03 1.278197136900897476e+03 1.268011596679687500e+03 1.257781005859375000e+03 1.247448120117187500e+03
1.292588674211015814e+03 1.281697327404036287e+03 1.271512451171875000e+03 1.261283569335937500e+03 1.250953247070312500e+03
1.296088674211015814e+03 1.285197513955738941e+03 1.275013305664062500e+03 1.264785888671875000e+03 1.254458374023437500e+03
1.299588674211015814e+03 1.288697696637967056e+03 1.278514160156250000e+03 1.268287597656250000e+03 1.257963500976562500e+03
1.303088674211015814e+03 1.292197875530981264e+03 1.282015014648437500e+03 1.271789306640625000e+03 1.261468627929687500e+03
1.306588674211015814e+03 1.295698050713377825e+03 1.285515869140625000e+03 1.275291015625000000e+03 1.264973754882812500e+03
1.310088674211015814e+03 1.299198222262122727e+03 1.289016723632812500e+03 1.278792724609375000e+03 1.268478881835937500e+03
1.313588674211015814e+03 1.302698390252585796e+03 1.292517578125000000e+03 1.282294433593750000e+03 1.271983276367187500e+03
1.317088674211015814e+03 1.306198554758572982e+03 1.296018432617187500e+03 1.285796142578125000e+03 1.275487548828125000e+03
1.320588674211015814e+03 1.309698715852360010e+03 1.299519287109375000e+03 1.289297851562500000e+03 1.278991821289062500e+03
1.324088674211015814e+03 1.313198873604722621e+03 1.303020141601562500e+03 1.292799560546875000e+03 1.282496093750000000e+03
1.327588674211015814e+03 1.316699028084969541e+03 1.306520996093750000e+03 1.296301269531250000e+03 1.286000366210937500e+03
1.331088674211015814e+03 1.320199179360971129e+03 1.310021850585937500e+03 1.299802978515625000e+03 1.289504638671875000e+03
1.334588674211015814e+03 1.323699327499190076e+03 1.313522705078125000e+03 1.303304687500000000e+03 1.293008911132812500e+03
1.338088674211015814e+03 1.327199472564710504e+03 1.317023559570312500e+03 1.306806396484375000e+03 1.296513183593750000e+03
1.341588674211015814e+03 1.330699614621266846e+03 1.320524414062500000e+03 1.310308105468750000e+03 1.300017456054687500e+03
1.345088674211015814e+03 1.334199753731271130e+03 1.324025268554687500e+03 1.313809814453125000e+03 1.303521728515625000e+03
1.348588674211015814e+03 1.337699889955841400e+03 1.327526123046875000e+03 1.317311523437500000e+03 1.307026000976562500e+03
1.352088674211015814e+03 1.341200023354827408e+03 1.331026977539062500e+03 1.320813232421875000e+03 1.310530151367187500e+03
1.355588674211015814e+03 1.344700153986837677e+03 1.334527832031250000e+03 1.324314941406250000e+03 1.314033569335937500e+03
1.359088674211015814e+03 1.348200281909265186e+03 1.338028686523437500e+03 1.327816650390625000e+03 1.317536987304687500e+03
1.362588674211015814e+03 1.351700407178312389e+03 1.341529541015625000e+03 1.331318359375000000e+03 1.321040405273437500e+03
1.366088674211015814e+03 1.355200529849016448e+03 1.345030395507812500e+03 1.334820068359375000e+03 1.324543823242187500e+03
1.369588674211015814e+03 1.358700649975271290e+03 1.348531250000000000e+03 1.338321777343750000e+03 1.328047241210937500e+03
1.373088674211015814e+03 1.362200767609854893e+03 1.352032104492187500e+03 1.341823486328125000e+03 1.331550659179687500e+03
1.376588674211015814e+03 1.365700882804449748e+03 1.355532470703125000e+03 1.345325195312500000e+03 1.335054077148437500e+03
1.380088674211015814e+03 1.369200995609666279e+03 1.359032470703125000e+03 1.348826904296875000e+03 1.338557495117187500e+03
1.383588674211015814e+03 1.372701106075065582e+03 1.362532470703125000e+03 1.352328613281250000e+03 1.342060913085937500e+03
1.387088674211015814e+03 1.376201214249179657e+03 1.366032958984375000e+03 1.355830322265625000e+03 1.345564331054687500e+03
1.390588674211015814e+03 1.379701320179534832e+03 1.369533325195312500e+03 1.359332031250000000e+03 1.349067749023437500e+03
1.394088674211015814e+03 1.383201423912671771e+03 1.373033325195312500e+03 1.362833740234375000e+03 1.352571166992187500e+03
1.397588674211015814e+03 1.386701525494165026e+03 1.376533325195312500e+03 1.366334960937500000e+03 1.356074584960937500e+03
1.401088674211015814e+03 1.390201624968643955e+03 1.380033325195312500e+03 1.369835815429687500e+03 1.359578002929687500e+03
1.404588674211015814e+03 1.393701722379813191e+03 1.383533325195312500e+03 1.373336669921875000e+03 1.363080932617187500e+03
1.408088674211015814e+03 1.397201817770469688e+03 1.387033325195312500e+03 1.376837524414062500e+03 1.366583496093750000e+03
1.411588674211015814e+03 1.400701911182523872e+03 1.390533325195312500e+03 1.380338378906250000e+03 1.370086059570312500e+03
1.415088674211015814e+03 1.404202002657014873e+03 1.394033325195312500e+03 1.383839233398437500e+03 1.373588623046875000e+03
1.418588674211015814e+03 1.407702092234132579e+03 1.397533325195312500e+03 1.387340087890625000e+03 1.377091186523437500e+03
1.422088674211015814e+03 1.411202179953232189e+03 1.401033325195312500e+03 1.390840942382812500e+03 1.380593750000000000e+03
1.425588674211015814e+03 1.414702265852853316e+03 1.404533325195312500e+03 1.394341796875000000e+03 1.384096313476562500e+03
1.429088674211015814e+03 1.418202349970735440e+03 1.408033325195312500e+03 1.397842651367187500e+03 1.387598876953125000e+03
1.432588674211015814e+03 1.421702432343835881e+03 1.411533325195312500e+03 1.401343505859375000e+03 1.391101440429687500e+03
1.436080789913977924e+03 1.425198045240023248e+03 1.415033325195312500e+03 1.404844360351562500e+03 1.394604003906250000e+03
1.439551417937645056e+03 1.428679516705992000e+03 1.418526489257812500e+03 1.408340942382812500e+03 1.398102050781250000e+03
1.442987483997737627e+03 1.432135267782836763e+03 1.421995483398437500e+03 1.411818603515625000e+03 1.401582641601562500e+03
1.446376764840224723e+03 1.435553452733659697e+03 1.425421997070312500e+03 1.415255249023437500e+03 1.405025634765625000e+03
1.449708189218403277e+03 1.438922789592552817e+03 1.428794067382812500e+03 1.418632080078125000e+03 1.408410400390625000e+03
1.452972110503736531e+03 1.442233052288430827e+03 1.432104980468750000e+03 1.421940917968750000e+03 1.411722900390625000e+03
1.456160544217863162e+03 1.445475407728724576e+03 1.435347045898437500e+03 1.425180541992187500e+03 1.414959716796875000e+03
1.459267364636954881e+03 1.448642667275124722e+03 1.438512084960937500e+03 1.428346435546875000e+03 1.418121948242187500e+03
1.462288455627364101e+03 1.451729477325777907e+03 1.441592773437500000e+03 1.431429077148437500e+03 1.421206420898437500e+03
1.465221811998498197e+03 1.454732456599712805e+03 1.444585815429687500e+03 1.434420166015625000e+03 1.424203369140625000e+03
1.468067588877266871e+03 1.457650281629073788e+03 1.447491210937500000e+03 1.437318969726562500e+03 1.427104248046875000e+03
1.470828097888339698e+03 1.460483720296767615e+03 1.450310546875000000e+03 1.440130371093750000e+03 1.429910888671875000e+03
1.473507750234277637e+03 1.463235613366158304e+03 1.453046386718750000e+03 1.442859619140625000e+03 1.432633544921875000e+03
1.476112948077084638e+03 1.465910804764770546e+03 1.455703491210937500e+03 1.445510498046875000e+03 1.435281982421875000e+03
1.478651926895732458e+03 1.468516022460796648e+03 1.458289184570312500e+03 1.448087890625000000e+03 1.437860229492187500e+03
1.481134552701335906e+03 1.471059712914210422e+03 1.460812744140625000e+03 1.450600952148437500e+03 1.440371704101562500e+03
1.483572079103215856e+03 1.473551833198207987e+03 1.463285034179687500e+03 1.453062255859375000e+03 1.442826660156250000e+03
1.485976870207689217e+03 1.476003605917339655e+03 1.465717407226562500e+03 1.455484619140625000e+03 1.445241699218750000e+03
1.488362096172736983e+03 1.478427242960161266e+03 1.468122192382812500e+03 1.457880004882812500e+03 1.447632568359375000e+03
1.490741408915006787e+03 1.480835644889780042e+03 1.470512817382812500e+03 1.460260620117187500e+03 1.450010131835937500e+03
1.493128605954314025e+03 1.483242083374819458e+03 1.472902832031250000e+03 1.462639648437500000e+03 1.452384643554687500e+03
1.495537290672916470e+03 1.485659874480635381e+03 1.475305664062500000e+03 1.465031494140625000e+03 1.454769287109375000e+03
1.497980537355093247e+03 1.488102050865555384e+03 1.477733520507812500e+03 1.467449707031250000e+03 1.457180053710937500e+03
1.500470569254875500e+03 1.490581040953814636e+03 1.480199218750000000e+03 1.469906982421875000e+03 1.459631835937500000e+03
1.503018457618966522e+03 1.493108362985072290e+03 1.482715087890625000e+03 1.472414550781250000e+03 1.462135864257812500e+03
1.505633849075902845e+03 1.495694341474060138e+03 1.485292114257812500e+03 1.474983520507812500e+03 1.464701293945312500e+03
1.508324728104045562e+03 1.498347853062100285e+03 1.487939086914062500e+03 1.477623901367187500e+03 1.467337036132812500e+03
1.511097220427223647e+03 1.501076108018513423e+03 1.490663330078125000e+03 1.480343383789062500e+03 1.470051757812500000e+03
1.513955442179083775e+03 1.503884472772101390e+03 1.493470458984375000e+03 1.483147338867187500e+03 1.472852416992187500e+03
1.516901398550217891e+03 1.506776337842605926e+03 1.496363769531250000e+03 1.486038940429687500e+03 1.475742675781250000e+03
1.519934934413718793e+03 1.509753034424139059e+03 1.499344970703125000e+03 1.489019409179687500e+03 1.478723144531250000e+03
1.523053738144915769e+03 1.512813801674606339e+03 1.502413208007812500e+03 1.492088745117187500e+03 1.481792236328125000e+03
1.526253398541247407e+03 1.515955805516599639e+03 1.505565307617187500e+03 1.495244018554687500e+03 1.484947387695312500e+03
1.529527513440709754e+03 1.519174208486844464e+03 1.508796264648437500e+03 1.498479980468750000e+03 1.488184326171875000e+03
1.532867847364331283e+03 1.522462288914306328e+03 1.512098999023437500e+03 1.501788818359375000e+03 1.491495971679687500e+03
1.536264534300997184e+03 1.525811606492426336e+03 1.515464599609375000e+03 1.505161499023437500e+03 1.494872436523437500e+03
1.539706320641386583e+03 1.529212210168570209e+03 1.518882568359375000e+03 1.508587646484375000e+03 1.498302368164062500e+03
1.543180842279182798e+03 1.532652883231795840e+03 1.522341552734375000e+03 1.512055175781250000e+03 1.501774169921875000e+03
1.546674929056404380e+03 1.536121419564084363e+03 1.525828247070312500e+03 1.515551269531250000e+03 1.505274902343750000e+03
1.550174929056404380e+03 1.539604924252844967e+03 1.529329467773437500e+03 1.519061889648437500e+03 1.508790893554687500e+03
1.553667044759366490e+03 1.543090131162636453e+03 1.532831787109375000e+03 1.522573364257812500e+03 1.512307617187500000e+03
1.557137672783033395e+03 1.546563729646462434e+03 1.536321533203125000e+03 1.526071899414062500e+03 1.515810791015625000e+03
1.560573738843125966e+03 1.550012692351946725e+03 1.539785522460937500e+03 1.529543945312500000e+03 1.519286499023437500e+03
1.563963019685613062e+03 1.553424596050741229e+03 1.543210449218750000e+03 1.532975708007812500e+03 1.522721801757812500e+03
1.567294444063791616e+03 1.556787927591296693e+03 1.546583862304687500e+03 1.536354614257812500e+03 1.526104125976562500e+03
1.570558365349124870e+03 1.560092367441452097e+03 1.549895019531250000e+03 1.539670043945312500e+03 1.529422363281250000e+03
1.573746799063251501e+03 1.563329043839105680e+03 1.553135375976562500e+03 1.542913085937500000e+03 1.532667480468750000e+03
1.576853619482342992e+03 1.566490751292952382e+03 1.556298095703125000e+03 1.546077026367187500e+03 1.535832763671875000e+03
1.579874710472752213e+03 1.569572128053099732e+03 1.559377441406250000e+03 1.549156494140625000e+03 1.538912963867187500e+03
1.582808066843886309e+03 1.572569788181664535e+03 1.562370117187500000e+03 1.552148071289062500e+03 1.541904541015625000e+03
1.585653843722654983e+03 1.575482404971356800e+03 1.565274902343750000e+03 1.555050048828125000e+03 1.544806396484375000e+03
1.588414352733727810e+03 1.578310743658025103e+03 1.568092895507812500e+03 1.557863891601562500e+03 1.547619018554687500e+03
1.591094005079665521e+03 1.581057642621698051e+03 1.570827148437500000e+03 1.560592895507812500e+03 1.550345703125000000e+03
1.593699202922472523e+03 1.583727943539024182e+03 1.573482910156250000e+03 1.563242431640625000e+03 1.552992919921875000e+03
1.596238181741120343e+03 1.586328372207017765e+03 1.576067504882812500e+03 1.565819946289062500e+03 1.555567749023437500e+03
1.598720807546723790e+03 1.588867372972635849e+03 1.578589965820312500e+03 1.568334472656250000e+03 1.558079101562500000e+03
1.601158333948603513e+03 1.591354900845104794e+03 1.581060668945312500e+03 1.570797119140625000e+03 1.560537475585937500e+03
1.603563125053076874e+03 1.593802176409890990e+03 1.583491455078125000e+03 1.573219360351562500e+03 1.562955688476562500e+03
1.605948351018124640e+03 1.596221409579170995e+03 1.585894897460937500e+03 1.575614257812500000e+03 1.565345947265625000e+03
1.608327663760394444e+03 1.598625498980995417e+03 1.588284057617187500e+03 1.577994750976562500e+03 1.567721679687500000e+03
1.610714860799701682e+03 1.601027714389198309e+03 1.590672485351562500e+03 1.580374145507812500e+03 1.570096069335937500e+03
1.613123545518304127e+03 1.603441370013701317e+03 1.593073242187500000e+03 1.582765991210937500e+03 1.572482666015625000e+03
1.615566792200480904e+03 1.605879496695902162e+03 1.595499145507812500e+03 1.585183837890625000e+03 1.574895507812500000e+03
1.618056824100263157e+03 1.608354521080801987e+03 1.597963012695312500e+03 1.587640258789062500e+03 1.577347290039062500e+03
1.620604712464354179e+03 1.610877959665734807e+03 1.600477172851562500e+03 1.590147338867187500e+03 1.579850219726562500e+03
1.623220103921290502e+03 1.613460135259246954e+03 1.603052490234375000e+03 1.592716308593750000e+03 1.582415161132812500e+03
1.625910982949433219e+03 1.616109922831866470e+03 1.605697631835937500e+03 1.595356689453125000e+03 1.585051635742187500e+03
1.628683475272611304e+03 1.618834531016775372e+03 1.608420043945312500e+03 1.598075927734375000e+03 1.587767700195312500e+03
1.631541697024471432e+03 1.621639324640574159e+03 1.611225097656250000e+03 1.600879394531250000e+03 1.590569091796875000e+03
1.634487653395605548e+03 1.624527692654036400e+03 1.614116699218750000e+03 1.603770385742187500e+03 1.593458984375000000e+03
1.637521189259106450e+03 1.627500964714849033e+03 1.617096069335937500e+03 1.606750854492187500e+03 1.596438598632812500e+03
1.640639992990303426e+03 1.630558378476362122e+03 1.620162475585937500e+03 1.609819824218750000e+03 1.599507568359375000e+03
1.643839653386635064e+03 1.633697098387818869e+03 1.623312866210937500e+03 1.612974609375000000e+03 1.602663330078125000e+03
1.647113768286097411e+03 1.636912285543156941e+03 1.626541992187500000e+03 1.616209716796875000e+03 1.605900756835937500e+03
1.650454102209718940e+03 1.640197216858480033e+03 1.629842895507812500e+03 1.619517822265625000e+03 1.609212402343750000e+03
1.653850789146384841e+03 1.643543450643673850e+03 1.633206665039062500e+03 1.622889648437500000e+03 1.612588500976562500e+03
1.657292575486774240e+03 1.646941034491246455e+03 1.636622924804687500e+03 1.626315185546875000e+03 1.616018188476562500e+03
1.660767097124570455e+03 1.650378750363499648e+03 1.640079956054687500e+03 1.629781860351562500e+03 1.619489868164062500e+03
1.664261183901792037e+03 1.653844390843179781e+03 1.643564819335937500e+03 1.633277099609375000e+03 1.622990600585937500e+03
1.667761183901792037e+03 1.657325059745408907e+03 1.647064208984375000e+03 1.636786987304687500e+03 1.626506225585937500e+03
1.671253299604754147e+03 1.660807489688848818e+03 1.650564697265625000e+03 1.640297729492187500e+03 1.630022460937500000e+03
1.674723927628421052e+03 1.664278368806448498e+03 1.654052734375000000e+03 1.643795654296875000e+03 1.633525390625000000e+03
1.678159993688513623e+03 1.667724668551084733e+03 1.657515014648437500e+03 1.647266967773437500e+03 1.637001220703125000e+03
1.681549274531000492e+03 1.671133964524443400e+03 1.660938232421875000e+03 1.650697998046875000e+03 1.640436523437500000e+03
1.684880698909179046e+03 1.674494742429275675e+03 1.664310180664062500e+03 1.654076416015625000e+03 1.643818725585937500e+03
1.688144620194512299e+03 1.677796681611487429e+03 1.667619873046875000e+03 1.657391235351562500e+03 1.647136962890625000e+03
1.691333053908638931e+03 1.681030909210311847e+03 1.670858642578125000e+03 1.660633789062500000e+03 1.650381958007812500e+03
1.694439874327730195e+03 1.684190218658570984e+03 1.674019653320312500e+03 1.663797119140625000e+03 1.653546997070312500e+03
1.697460965318139188e+03 1.687269247152812113e+03 1.677097412109375000e+03 1.666875854492187500e+03 1.656626953125000000e+03
1.700394321689273283e+03 1.690264607723447398e+03 1.680088623046875000e+03 1.669866577148437500e+03 1.659618530273437500e+03
1.703240098568041958e+03 1.693174972652880342e+03 1.682991943359375000e+03 1.672768310546875000e+03 1.662520263671875000e+03
1.706000607579114785e+03 1.696001106187610276e+03 1.685808349609375000e+03 1.675581542968750000e+03 1.665332763671875000e+03
1.708680259925052496e+03 1.698745845738836124e+03 1.688541015625000000e+03 1.678309936523437500e+03 1.668059448242187500e+03
1.711285457767859498e+03 1.701414032034473394e+03 1.691195312500000000e+03 1.680958740234375000e+03 1.670706420898437500e+03
1.713824436586507318e+03 1.704012389942481832e+03 1.693778442382812500e+03 1.683535522460937500e+03 1.673280761718750000e+03
1.716307062392110765e+03 1.706549362900034794e+03 1.696299316406250000e+03 1.686049438476562500e+03 1.675791870117187500e+03
1.718744588793990488e+03 1.709034905025444687e+03 1.698768554687500000e+03 1.688511230468750000e+03 1.678250244140625000e+03
1.721149379898463849e+03 1.711480236031744425e+03 1.701197753906250000e+03 1.690932617187500000e+03 1.680667968750000000e+03
1.723534605863511615e+03 1.713897564976773083e+03 1.703599487304687500e+03 1.693326660156250000e+03 1.683057617187500000e+03
1.725913918605781419e+03 1.716299789651963920e+03 1.705987060546875000e+03 1.695706176757812500e+03 1.685432495117187500e+03
1.728301115645088657e+03 1.718700179011887712e+03 1.708373901367187500e+03 1.698084594726562500e+03 1.687806274414062500e+03
1.730709800363691102e+03 1.721112046464195600e+03 1.710773071289062500e+03 1.700475463867187500e+03 1.690192749023437500e+03
1.733153047045867879e+03 1.723548422064655369e+03 1.713197265625000000e+03 1.702892333984375000e+03 1.692604980468750000e+03
1.735643078945650359e+03 1.726021731688934779e+03 1.715659545898437500e+03 1.705347534179687500e+03 1.695056274414062500e+03
1.738190967309741382e+03 1.728543491080990634e+03 1.718172119140625000e+03 1.707853515625000000e+03 1.697558471679687500e+03
1.740806358766677704e+03 1.731124022311619683e+03 1.720745849609375000e+03 1.710421386718750000e+03 1.700122802734375000e+03
1.743497237794820421e+03 1.733772199628902627e+03 1.723389526367187500e+03 1.713060791015625000e+03 1.702758789062500000e+03
1.746269730117998506e+03 1.736495230958559432e+03 1.726110351562500000e+03 1.715778930664062500e+03 1.705474243164062500e+03
1.749127951869858862e+03 1.739298480434402109e+03 1.728914062500000000e+03 1.718581176757812500e+03 1.708274902343750000e+03
1.752073908240992978e+03 1.742185336328785979e+03 1.731804077148437500e+03 1.721470947265625000e+03 1.711163940429687500e+03
1.755107444104493879e+03 1.745157127635052120e+03 1.734781982421875000e+03 1.724449707031250000e+03 1.714142700195312500e+03
1.758226247835690856e+03 1.748213091355984034e+03 1.737846923828125000e+03 1.727517700195312500e+03 1.717211059570312500e+03
1.761425908232022493e+03 1.751350391303752303e+03 1.740995849609375000e+03 1.730671630859375000e+03 1.720366210937500000e+03
1.764700023131484841e+03 1.754564187948437393e+03 1.744223632812500000e+03 1.733905883789062500e+03 1.723603027343750000e+03
1.768040357055106597e+03 1.757847757595224493e+03 1.747523071289062500e+03 1.737212890625000000e+03 1.726913818359375000e+03
1.771437043991772498e+03 1.761192657955752338e+03 1.750885375976562500e+03 1.740583862304687500e+03 1.730289062500000000e+03
1.774878830332161897e+03 1.764588936036692985e+03 1.754299926757812500e+03 1.744008300781250000e+03 1.733718139648437500e+03
1.778353351969958112e+03 1.768025373226661713e+03 1.757755493164062500e+03 1.747474121093750000e+03 1.737189086914062500e+03
1.781847438747179694e+03 1.771489761546619093e+03 1.761239135742187500e+03 1.750968383789062500e+03 1.740689086914062500e+03
1.785347438747179694e+03 1.774969204261552932e+03 1.764737182617187500e+03 1.754477172851562500e+03 1.744204223632812500e+03
1.788839554450141804e+03 1.778450433451402205e+03 1.768236572265625000e+03 1.757986816406250000e+03 1.747719848632812500e+03
1.792310182473808709e+03 1.781920136721568042e+03 1.771723632812500000e+03 1.761483642578125000e+03 1.751222045898437500e+03
1.795746248533901280e+03 1.785365285008320598e+03 1.775184570312500000e+03 1.764953979492187500e+03 1.754697021484375000e+03
1.799135529376388149e+03 1.788773453407455008e+03 1.778606567382812500e+03 1.768384155273437500e+03 1.758131591796875000e+03
1.802466953754566703e+03 1.792133127126325007e+03 1.781977294921875000e+03 1.771761718750000000e+03 1.761513183593750000e+03
1.805730875039899956e+03 1.795433985025714264e+03 1.785285888671875000e+03 1.775075683593750000e+03 1.764830688476562500e+03
1.808919308754026588e+03 1.798667153769798460e+03 1.788523559570312500e+03 1.778317382812500000e+03 1.768074951171875000e+03
1.812026129173117852e+03 1.801825426326191973e+03 1.791683227539062500e+03 1.781479736328125000e+03 1.771239379882812500e+03
1.815047220163526845e+03 1.804903439435887321e+03 1.794759887695312500e+03 1.784557495117187500e+03 1.774318725585937500e+03
1.817980576534660941e+03 1.807897805683188835e+03 1.797750000000000000e+03 1.787547363281250000e+03 1.777309448242187500e+03
1.820826353413429615e+03 1.810807196913646294e+03 1.800652221679687500e+03 1.790447998046875000e+03 1.780210449218750000e+03
1.823586862424502442e+03 1.813632376945966371e+03 1.803467529296875000e+03 1.793260253906250000e+03 1.783022338867187500e+03
1.826266514770440153e+03 1.816376182772429047e+03 1.806199096679687500e+03 1.795987670898437500e+03 1.785749023437500000e+03
1.828871712613247155e+03 1.819043454710719516e+03 1.808852294921875000e+03 1.798635498046875000e+03 1.788395385742187500e+03
1.831410691431894975e+03 1.821640917227076216e+03 1.811434326171875000e+03 1.801211303710937500e+03 1.790968994140625000e+03
1.833893317237498422e+03 1.824177013365284893e+03 1.813954223632812500e+03 1.803724243164062500e+03 1.793479370117187500e+03
1.836330843639378145e+03 1.826661696858428741e+03 1.816422485351562500e+03 1.806185180664062500e+03 1.795936889648437500e+03
1.838735634743851506e+03 1.829106187042302508e+03 1.818850708007812500e+03 1.808605712890625000e+03 1.798354003906250000e+03
1.841120860708899272e+03 1.831522692605332168e+03 1.821251586914062500e+03 1.810998535156250000e+03 1.800743041992187500e+03
1.843500173451169076e+03 1.833924110977198779e+03 1.823638183593750000e+03 1.813377075195312500e+03 1.803117187500000000e+03
1.845887370490476314e+03 1.836323710758226298e+03 1.826023925781250000e+03 1.815754638671875000e+03 1.805490112304687500e+03
1.848296055209078759e+03 1.838734805009165711e+03 1.828421630859375000e+03 1.818144653320312500e+03 1.807875610351562500e+03
1.850739301891255536e+03 1.841170423446080349e+03 1.830844848632812500e+03 1.820560424804687500e+03 1.810286987304687500e+03
1.853229333791038016e+03 1.843642991611980051e+03 1.833306152343750000e+03 1.823014770507812500e+03 1.812737426757812500e+03
1.855777222155129039e+03 1.846164024925063131e+03 1.835817871093750000e+03 1.825519897460937500e+03 1.815238769531250000e+03
1.858392613612065361e+03 1.848743845137125163e+03 1.838390747070312500e+03 1.828086914062500000e+03 1.817802246093750000e+03
1.861083492640208078e+03 1.851391326183862475e+03 1.841033447265625000e+03 1.830725341796875000e+03 1.820437377929687500e+03
1.863855984963386163e+03 1.854113675685089675e+03 1.843753295898437500e+03 1.833442626953125000e+03 1.823152099609375000e+03
1.866714206715246746e+03 1.856916257475059410e+03 1.846556030273437500e+03 1.836243896484375000e+03 1.825952026367187500e+03
1.869660163086381317e+03 1.859802459532780404e+03 1.849445068359375000e+03 1.839132812500000000e+03 1.828840209960937500e+03
1.872693698949882219e+03 1.862773610564331648e+03 1.852422119140625000e+03 1.842110717773437500e+03 1.831818115234375000e+03
1.875812502681079195e+03 1.865828947291193799e+03 1.855486206054687500e+03 1.845177856445312500e+03 1.834885620117187500e+03
1.879012163077410833e+03 1.868965633250069232e+03 1.858634277343750000e+03 1.848330932617187500e+03 1.838039916992187500e+03
1.882286277976873407e+03 1.872178828641282507e+03 1.861861206054687500e+03 1.851564331054687500e+03 1.841276000976562500e+03
1.885626611900495163e+03 1.875461809505859947e+03 1.865159912109375000e+03 1.854870483398437500e+03 1.844586181640625000e+03
1.889023298837161065e+03 1.878806133296760663e+03 1.868521362304687500e+03 1.858240600585937500e+03 1.847960571289062500e+03
1.892465085177550691e+03 1.882201846767341294e+03 1.871935058593750000e+03 1.861664184570312500e+03 1.851388793945312500e+03
1.895939606815346906e+03 1.885637731058157669e+03 1.875389770507812500e+03 1.865129150390625000e+03 1.854859008789062500e+03
1.899433693592568488e+03 1.889101577947253645e+03 1.878872558593750000e+03 1.868622558593750000e+03 1.858358154296875000e+03
1.902933693592568488e+03 1.892580490461742102e+03 1.882369995117187500e+03 1.872130493164062500e+03 1.861872436523437500e+03
1.906425809295530598e+03 1.896061200448618592e+03 1.885868530273437500e+03 1.875639282226562500e+03 1.865387329101562500e+03
1.909896437319197503e+03 1.899530395285173427e+03 1.889354858398437500e+03 1.879135253906250000e+03 1.868888671875000000e+03
1.913332503379290074e+03 1.902975045684298493e+03 1.892815063476562500e+03 1.882604858398437500e+03 1.872362792968750000e+03
1.916721784221776943e+03 1.906382726523042265e+03 1.896236328125000000e+03 1.886034179687500000e+03 1.875796752929687500e+03
1.920053208599955269e+03 1.909741922794550419e+03 1.899606445312500000e+03 1.889410888671875000e+03 1.879177734375000000e+03
1.923317129885288296e+03 1.913042313149840766e+03 1.902914428710937500e+03 1.892723999023437500e+03 1.882494628906250000e+03
1.926505563599414927e+03 1.916275024047673924e+03 1.906151489257812500e+03 1.895964843750000000e+03 1.885738281250000000e+03
1.929612384018505963e+03 1.919432848254511555e+03 1.909310791015625000e+03 1.899126464843750000e+03 1.888901977539062500e+03
1.932633475008914957e+03 1.922510422314364405e+03 1.912386718750000000e+03 1.902203491210937500e+03 1.891980468750000000e+03
1.935566831380049052e+03 1.925504358618640936e+03 1.915376098632812500e+03 1.905192504882812500e+03 1.894970336914062500e+03
1.938412608258817727e+03 1.928413328823996835e+03 1.918277709960937500e+03 1.908092651367187500e+03 1.897870483398437500e+03
1.941173117269890554e+03 1.931238096564161651e+03 1.921092407226562500e+03 1.910904296875000000e+03 1.900681640625000000e+03
1.943852769615828265e+03 1.933981498650275853e+03 1.923823364257812500e+03 1.913630981445312500e+03 1.903407470703125000e+03
1.946457967458635267e+03 1.936648375222642244e+03 1.926475952148437500e+03 1.916278076171875000e+03 1.906052978515625000e+03
1.948996946277283087e+03 1.939245450573796461e+03 1.929057373046875000e+03 1.918853271484375000e+03 1.908626098632812500e+03
1.951479572082886534e+03 1.941781167577423275e+03 1.931576660156250000e+03 1.921365600585937500e+03 1.911135742187500000e+03
1.953917098484766257e+03 1.944265479800034427e+03 1.934044311523437500e+03 1.923825683593750000e+03 1.913592529296875000e+03
1.956321889589239618e+03 1.946709606414307473e+03 1.936472045898437500e+03 1.926245483398437500e+03 1.916009033203125000e+03
1.958707115554287384e+03 1.949125755948934284e+03 1.938872314453125000e+03 1.928637817382812500e+03 1.918397338867187500e+03
1.961086428296557187e+03 1.951526825677177612e+03 1.941258422851562500e+03 1.931015625000000000e+03 1.920770874023437500e+03
1.963473625335864654e+03 1.953926084046183860e+03 1.943643676757812500e+03 1.933392333984375000e+03 1.923143066406250000e+03
1.965882310054467098e+03 1.956336843966705828e+03 1.946041381835937500e+03 1.935781494140625000e+03 1.925527954101562500e+03
1.968325556736643875e+03 1.958772135007919815e+03 1.948463989257812500e+03 1.938196655273437500e+03 1.927938720703125000e+03
1.970815588636426355e+03 1.961244382568994070e+03 1.950924682617187500e+03 1.940650268554687500e+03 1.930388427734375000e+03
1.973363477000517378e+03 1.963765101927270734e+03 1.953435668945312500e+03 1.943154785156250000e+03 1.932889160156250000e+03
1.975978868457453700e+03 1.966344614696609597e+03 1.956007690429687500e+03 1.945721069335937500e+03 1.935451782226562500e+03
1.978669747485596645e+03 1.968991794677632925e+03 1.958649902343750000e+03 1.948358886718750000e+03 1.938086181640625000e+03
1.981442239808774730e+03 1.971713849357882509e+03 1.961369262695312500e+03 1.951075317382812500e+03 1.940800292968750000e+03
1.984300461560635313e+03 1.974516142442081900e+03 1.964171508789062500e+03 1.953875976562500000e+03 1.943599487304687500e+03
1.987246417931770566e+03 1.977402061782398050e+03 1.967060180664062500e+03 1.956764282226562500e+03 1.946487060546875000e+03
1.990279953795271467e+03 1.980372935960698442e+03 1.970036743164062500e+03 1.959742187500000000e+03 1.949464599609375000e+03
1.993398757526468444e+03 1.983428001576828592e+03 1.973100341796875000e+03 1.962808593750000000e+03 1.952531494140625000e+03
1.996598417922800081e+03 1.986564422048378901e+03 1.976247924804687500e+03 1.965960815429687500e+03 1.955685058593750000e+03
1.999872532822262656e+03 1.989777357459032601e+03 1.979474365234375000e+03 1.969193359375000000e+03 1.958920532226562500e+03
2.003212866745884412e+03 1.993060083735595072e+03 1.982772583007812500e+03 1.972498901367187500e+03 1.962229858398437500e+03
2.006609553682550541e+03 1.996404158219171904e+03 1.986133666992187500e+03 1.975868164062500000e+03 1.965603515625000000e+03
2.010051340022940167e+03 1.999799627553586788e+03 1.989547363281250000e+03 1.979291137695312500e+03 1.969031127929687500e+03
2.013525861660736382e+03 2.003235272772134749e+03 1.993001953125000000e+03 1.982755371093750000e+03 1.972500610351562500e+03
2.017019948437957964e+03 2.006698885547825284e+03 1.996484375000000000e+03 1.986248168945312500e+03 1.975999145507812500e+03
2.020519948437957964e+03 2.010177568804912653e+03 1.999981323242187500e+03 1.989755615234375000e+03 1.979512573242187500e+03
2.024012064140920074e+03 2.013658054289668826e+03 2.003479370117187500e+03 1.993263916015625000e+03 1.983026977539062500e+03
